MOTUL TT ASSEN
Results and timing service provided by
4542 m.
TT Circuit Assen
MotoGP
Race
Lap Chart 31
Pos
Grid 46
1
41
2
93
3
26
4
44
5
29
6
35
7
99
8
25
9
4
10
9
11
38
12
6
13
68
14
76
15
45
16
8
17
63
18
50
19
43
20
19
21
69
22
15
23
33
24
1 46 93 99 44 29 41 35 38 25 4 9 26 68 45 6 76 63 50 15 19 33 69
2 46 93 99 44 29 41 35 38 4 9 25 26 68 45 6 76 50 63 19 15 69 33
3 46 93 99 29 41 44 35 4 38 9 25 26 45 68 6 76 50 63 19 15 69 33
4 46 93 99 29 41 44 35 4 38 9 25 26 45 68 6 76 50 63 19 15 69 33
5 46 93 99 29 41 44 4 35 38 9 26 25 45 68 6 76 50 19 63 69 15 33
6 46 93 99 29 41 44 4 35 38 9 26 25 45 68 76 50 19 63 69 15 33
7 46 93 99 29 41 44 4 35 38 9 26 25 45 68 76 50 19 69 63 15 33
8 46 93 99 29 41 44 35 4 38 9 26 25 45 68 76 19 50 69 63 15 33
9 46 93 99 29 41 44 4 35 38 26 9 25 45 68 76 19 50 69 15 63 33
10 46 93 99 29 41 4 44 35 38 26 9 25 45 68 76 19 50 69 15 63 33
11 46 93 99 29 4 41 44 35 38 26 9 25 45 68 76 19 50 69 63 15 33
12 46 93 99 29 4 35 44 26 41 38 9 25 45 68 76 19 50 69 63 15 33
13 46 93 99 29 4 35 44 26 41 38 9 25 45 68 76 19 69 50 63 15 33
14 46 93 99 29 4 35 44 26 41 38 9 25 45 68 76 19 69 50 63 15 33
15 46 93 99 29 35 4 44 26 38 41 9 25 45 68 76 19 69 50 63 15 33
16 46 93 99 29 35 4 44 38 26 41 9 25 45 68 76 69 19 63 15 33
17 46 93 99 29 35 4 38 44 26 41 9 25 45 68 76 69 19 63 15 33
18 46 93 99 29 35 44 4 38 26 41 9 25 45 68 76 69 19 15 63 33
19 46 93 99 29 35 44 26 4 38 41 9 25 45 68 76 69 19 15 63 33
20 93 46 99 29 35 44 26 4 38 41 9 25 45 68 76 69 19 63 15 33
21 93 46 99 29 35 44 26 4 38 41 9 25 45 68 76 69 19 63 15 33
22 93 46 99 29 35 44 26 4 38 41 25 9 45 68 76 69 19 63 15 33
23 93 46 99 29 44 26 35 4 38 41 25 9 45 68 76 69 19 15 63 33
24 46 93 99 29 44 26 35 38 41 4 25 9 45 68 76 69 19 63 33
25 46 93 99 29 44 35 26 38 41 25 4 9 45 68 76 69 19 63 33
26 46 93 99 29 44 35 38 26 41 25 9 4 45 68 76 69 19 63
L
a
p
s
Lapped riderWinner
Assen, Saturday, June 27, 2015
These data/results cannot be reproduced, stored and/or transmitted in whole or in part by any manner of electronic, mechanical, photocopying, recording, broadcasting or otherwise now
known or herein after developed without the previous express consent by the copyright owner, except for reproduction in daily press and regular printed publications on sale to the public
within 60 days of the event related to those data/results and always provided that copyright symbol appears together as follows below.
© DORNA, 2015
Official MotoGP Timing by
www.motogp.com
TISSOT
