GRAN PREMIO D'ITALIA ALICE
Computerised results and timing service provided by
5245 m.
Mugello
125cc
Race
Lap Chart 22
TISSOT
Pos
Grid 35
1
1
2
63
3
44
4
33
5
11
6
38
7
24
8
18
9
71
10
17
11
29
12
51
13
6
14
73
15
45
16
99
17
60
18
34
19
12
20
27
21
40
22
93
23
16
24
7
25
77
26
22
27
56
28
19
29
95
30
8
31
30
32
21
33
43
34
47
35
39
36
69
37
42
38
5
39
1 63 1 18 38 29 24 44 35 17 33 60 6 11 71 27 51 93 45 73 34 16 7 8 30 99 19 40 77 22 47 56 21 5 42 69 39 43 12 95
2 1 18 29 63 44 24 35 17 33 38 60 6 11 51 27 71 45 93 73 34 7 99 16 8 30 77 40 19 22 47 56 42 21 5 39 12 43 69 95
3 18 63 1 44 29 24 17 35 33 6 38 11 60 51 71 45 93 73 34 99 7 8 16 30 19 77 40 22 47 56 12 42 21 5 39 43 69 95
4 18 63 44 17 1 29 24 35 33 38 6 11 60 51 71 45 93 99 73 34 7 8 16 30 77 19 40 22 56 47 12 42 21 5 43 39 69 95
5 17 1 29 18 63 44 24 35 33 38 6 11 60 51 45 71 99 73 93 34 7 8 16 77 30 40 19 22 56 47 12 21 42 5 43 39 69 95
6 63 17 29 1 44 24 18 33 38 35 6 11 51 60 45 99 71 73 93 34 7 8 77 19 16 30 40 22 12 56 47 21 42 43 5 39 69 95
7 63 29 17 24 1 18 44 33 38 6 35 11 51 60 45 99 71 73 7 93 34 8 77 19 30 16 40 22 12 56 47 43 42 21 5 39 69 95
8 63 29 1 17 24 18 44 38 6 33 35 11 51 60 45 99 71 73 7 93 34 8 77 19 30 40 16 22 12 47 56 43 21 42 5 39 69 95
9 63 1 29 24 44 18 38 17 33 6 35 11 51 60 45 99 71 73 7 93 34 8 77 19 30 40 16 12 47 43 21 56 42 5 39 69 95
10 63 1 44 18 29 38 24 33 17 6 35 11 51 60 45 99 71 7 73 93 34 8 77 40 30 19 16 12 47 43 21 42 56 5 39 69 95
11 18 1 44 24 63 38 29 33 6 17 35 11 51 60 45 99 71 73 7 93 34 8 77 30 40 16 19 12 21 47 42 5 43 56 39 69 95
12 18 44 1 24 33 63 38 29 6 17 11 35 51 45 99 60 71 73 7 34 93 8 40 77 30 16 12 21 5 47 43 42 56 39 69 95
13 63 1 44 24 18 33 38 6 29 11 17 35 51 45 99 60 73 7 71 34 93 8 40 77 30 16 12 21 43 5 47 42 56 39 69 95
14 63 1 44 24 18 38 33 6 29 11 17 35 51 45 99 60 73 7 71 34 93 8 40 77 30 16 12 21 5 47 43 42 56 69 39 95
15 63 24 1 18 44 38 33 6 11 29 17 35 51 45 99 60 73 7 71 34 93 8 40 77 30 16 12 21 5 43 42 56 47 69 39 95
16 63 24 18 1 38 44 33 6 11 17 29 51 35 45 99 60 73 7 34 71 93 8 77 30 40 16 12 5 21 56 42 47 43 69 39 95
17 63 24 1 18 38 44 33 11 6 17 29 51 35 99 45 60 73 7 34 93 8 40 30 77 16 12 5 21 47 42 43 56 69 39 95
18 38 63 24 44 1 33 18 11 6 17 29 51 35 99 45 60 73 7 34 93 8 40 30 77 16 12 21 5 47 42 43 56 69 39 95
19 38 63 44 1 24 33 18 11 6 17 29 51 35 99 45 60 73 34 7 93 8 40 30 16 77 12 21 47 5 42 56 43 69 39
20 24 1 44 63 38 33 18 11 6 17 51 29 35 45 60 73 34 7 93 8 30 40 16 77 12 47 5 21 56 42 43 69 39
L
a
p
s
Lapped riderWinner
Mugello, Sunday, June 01, 2008
These data/results cannot be reproduced, stored and/or transmitted in whole or in part by any manner of electronic, mechanical, photocopying, recording, broadcasting or otherwise now
known or herein after developed without the previous express consent by the copyright owner, except for reproduction in daily press and regular printed publications on sale to the public
within 60 days of the event related to those data/results and always provided that copyright symbol appears together as follows below.
© DORNA, 2008
Official MotoGP Timing by
www.motogp.com
TISSOT
