Lap Chart
PACIFIC GRAND PRIX OF MOTEGI
Computerised results and timing service
4801m
Motegi
250cc
22
Pos
Grid 74
1
35
2
56
3
4
4
19
5
21
6
6
7
30
8
14
9
9
10
49
11
88
12
24
13
10
14
18
15
42
16
89
17
37
18
48
19
8
20
25
21
44
22
23
23
15
24
26
25
11
26
20
27
41
28
90
29
16
30
77
31
22
32
31
33
1 74 56 4 35 19 21 14 6 88 9 10 8 77 49 89 18 24 42 30 90 16 22 37 23
2 74 56 4 35 19 14 88 6 9 8 10 77 49 89 24 18 42 30 22 37 90 16 23
3 74 56 35 4 19 14 6 88 9 8 10 49 89 24 18 30 42 37 22 90 16 23
4 74 56 35 4 19 14 6 88 9 8 49 10 89 18 24 30 42 37 22 90 16 23
5 74 56 35 4 19 14 6 88 9 49 89 8 18 10 24 30 42 37 22 90 16 23
6 74 56 35 4 19 14 6 88 9 49 89 18 8 24 10 30 42 37 90 22 16
7 74 56 35 4 19 14 6 88 9 49 18 89 8 24 10 30 42 37 22 90 16
8 74 56 35 19 4 14 6 88 9 49 18 89 8 24 30 10 42 37 22 90 16
9 74 56 35 19 4 14 6 9 88 49 18 89 8 24 30 10 42 37 22 90 16
10 74 56 35 19 4 14 6 9 88 49 18 89 8 30 24 10 42 37 90 22 16
11 74 56 35 19 4 14 6 9 88 49 18 89 30 8 24 10 42 37 90 22 16
12 74 56 35 19 4 14 6 9 88 49 30 89 18 24 8 10 42 37 90 22 16
13 74 56 35 19 4 14 6 9 88 49 30 89 18 24 8 10 42 37 90 22 16
14 74 56 35 19 4 14 6 9 88 49 30 89 18 24 8 10 42 37 22 90 16
15 74 56 35 19 4 14 6 49 88 30 89 24 18 8 42 10 37 22 90 16
16 74 56 35 19 4 6 14 49 88 30 89 24 18 8 42 37 10 90 22 16
17 74 56 35 19 4 6 14 49 30 88 89 24 18 8 42 37 10 90 22 16
18 74 56 35 19 4 14 6 49 30 89 88 24 18 37 10 42 8 90 22 16
19 74 56 35 19 4 14 6 49 30 89 88 24 18 37 10 42 8 22 90 16
20 74 56 35 19 4 14 6 30 89 49 88 24 18 37 10 42 8 22 90 16
21 74 56 35 19 4 14 6 89 49 30 24 88 18 37 10 42 8 22 90 16
22 74 56 35 19 4 14 6 89 49 24 88 30 18 37 10 42 8 22 90 16
23 74 56 35 19 4 14 6 89 24 49 88 18 30 37 10 42 8 90 22 16
L
a
p
s
Lapped riderWinner
Motegi, Sunday, October 15, 2000
MotoGP MotoGP MotoGP MotoGP MotoGP MotoGP MotoGP MotoGP MotoGP MotoGP MotoGP MotoGP MotoGP MotoGP MotoGP MotoGP MotoGP MotoGP MotoGP MotoGP MotoGP MotoGP MotoGP MotoGP MotoGP MotoGP MotoGP MotoGP MotoGP MotoGP MotoGP MotoGP MotoGP MotoGP MotoGP MotoGP MotoGP MotoGP MotoGP Moto
Official information of MotoGP
