Lap Chart
PACIFIC GRAND PRIX OF MOTEGI
Computerised results and timing service
4801m
Motegi
500cc
22
Pos
Grid 4
1
2
2
65
3
10
4
46
5
6
6
7
7
24
8
8
9
9
10
5
11
1
12
55
13
99
14
17
15
31
16
56
17
68
18
33
19
15
20
36
21
25
22
1 2 8 1 5 7 6 9 46 4 65 10 55 24 99 31 17 56 33 15
2 2 8 1 5 7 46 6 4 9 65 10 24 55 31 99 17 56 33 15
3 2 8 1 5 7 46 4 6 9 10 65 24 55 31 99 17 56 33 15
4 2 8 1 5 7 46 4 9 6 10 65 24 55 31 99 17 56 33 15
5 2 8 1 46 7 4 5 9 6 10 65 24 55 31 99 17 56 33 15
6 2 46 8 4 1 7 5 9 6 10 65 24 55 31 99 17 56 33 15
7 2 46 4 8 1 7 5 9 6 10 65 24 55 31 99 17 56 33 15
8 2 46 4 8 1 7 9 5 10 6 65 24 55 31 99 17 56 33 15
9 2 46 4 8 1 7 9 10 5 6 65 24 55 31 99 17 56 33 15
10 2 46 4 1 7 8 9 10 6 65 5 24 55 31 99 17 56 33 15
11 2 46 4 1 7 10 9 6 8 65 5 24 55 31 99 17 56 33 15
12 2 46 4 1 7 10 9 6 8 65 5 24 55 31 99 17 56 33 15
13 2 46 4 7 1 10 6 9 8 65 5 24 55 31 99 17 56 33 15
14 2 46 4 7 1 10 6 9 8 65 5 55 31 99 24 17 56 33 15
15 2 46 4 7 1 10 6 9 65 8 5 55 31 99 24 17 56 33 15
16 2 46 4 7 1 10 6 9 65 8 5 55 31 99 24 17 56 33 15
17 2 46 4 7 1 10 6 9 65 8 5 55 31 99 24 17 56 33 15
18 2 46 4 7 1 10 6 9 65 8 55 5 31 99 17 56 33 15
19 2 4 46 7 1 10 6 9 65 8 55 5 31 99 17 56 33 15
20 2 4 46 7 1 10 6 9 65 8 55 5 31 99 17 56 33 15
21 2 4 46 7 1 10 6 9 65 8 55 5 31 99 17 56 33 15
22 2 4 46 7 1 10 6 9 65 8 55 5 31 99 17 56 33 15
23 2 4 46 7 1 6 10 9 65 8 55 5 31 99 17 56 33 15
24 2 4 46 7 6 1 10 9 65 8 55 5 31 99 17 56 33 15
25 2 46 4 7 6 1 10 65 9 8 55 5 31 99 17 56
L
a
p
s
Lapped riderWinner
Motegi, Sunday, October 15, 2000
MotoGP MotoGP MotoGP MotoGP MotoGP MotoGP MotoGP MotoGP MotoGP MotoGP MotoGP MotoGP MotoGP MotoGP MotoGP MotoGP MotoGP MotoGP MotoGP MotoGP MotoGP MotoGP MotoGP MotoGP MotoGP MotoGP MotoGP MotoGP MotoGP MotoGP MotoGP MotoGP MotoGP MotoGP MotoGP MotoGP MotoGP MotoGP MotoGP Moto
Official information of MotoGP
