COMMERCIAL BANK GRAND PRIX OF QATAR
Computerised results and timing service provided by
5380 m.
Losail Circuit
Moto2
Race
Lap Chart 31
TISSOT
Pos
Grid 40
1
30
2
36
3
45
4
77
5
60
6
18
7
80
8
23
9
63
10
3
11
15
12
11
13
5
14
95
15
81
16
19
17
88
18
14
19
24
20
49
21
96
22
72
23
4
24
54
25
52
26
7
27
9
28
44
29
97
30
17
31
33
32
1 30 40 45 77 80 60 5 36 3 95 23 18 15 19 88 24 14 49 81 96 11 54 52 9 7 44 4 72 63 97 33 17
2 30 40 45 77 80 3 60 36 5 23 95 88 15 18 24 19 49 14 81 96 54 11 52 9 4 7 44 72 63 33 17 97
3 30 40 45 77 80 3 60 5 36 23 88 95 15 18 14 24 49 19 81 54 96 11 52 4 9 7 63 44 72 33 17 97
4 30 40 45 80 77 3 60 23 36 5 88 95 18 15 14 81 19 24 54 11 52 4 9 63 7 72 44 33 17 97
5 30 45 40 80 3 77 60 23 5 88 36 95 18 15 19 81 24 54 11 52 4 63 9 7 72 33 44 17 14 97
6 30 45 40 80 3 77 60 23 5 36 88 95 18 15 19 81 24 54 11 52 4 63 9 33 7 72 44 17 14 97
7 30 45 40 3 80 77 60 23 5 36 88 18 15 19 81 24 54 11 52 63 4 9 33 7 44 72 17 14 97 95
8 30 45 40 3 80 77 60 23 5 36 88 18 15 19 81 24 54 11 63 52 4 9 33 44 7 72 14 17 97
9 45 30 40 3 80 60 77 23 5 36 18 15 19 81 24 63 11 4 52 9 33 44 72 7 14 17 97
10 45 40 30 3 77 80 23 60 5 36 18 15 19 81 24 63 11 4 52 9 33 44 72 7 14 17 97
11 45 40 30 3 77 60 23 80 36 5 18 15 19 81 24 63 4 52 11 9 33 44 72 7 14 17 97
12 45 40 30 3 77 60 80 36 23 5 18 15 19 81 63 24 4 52 11 9 33 44 72 7 14 17 97
13 45 40 30 3 77 60 80 36 5 23 15 18 19 81 63 24 52 4 11 9 33 44 72 7 14 17 97
14 45 40 30 3 77 60 80 36 5 18 19 15 81 23 63 24 11 52 4 9 33 44 72 7 14 17 97
15 45 40 30 3 77 60 80 36 5 18 19 15 81 23 63 24 11 52 4 33 9 44 72 7 14 17 97
16 40 45 30 3 77 60 80 36 18 5 15 19 81 23 63 24 11 52 4 33 9 44 72 7 17 97
17 40 45 30 3 77 60 36 80 15 5 19 81 23 18 63 24 11 52 4 33 9 44 72 7 17 97
18 40 45 30 36 77 60 3 80 15 19 81 5 23 18 63 24 11 52 4 33 9 44 72 7 17 97
19 40 45 30 36 77 60 3 15 80 19 81 5 23 18 63 24 11 52 4 33 9 44 72 7 17 97
20 40 45 30 77 36 60 3 15 80 19 81 5 23 18 24 63 11 52 4 33 9 44 72 7 17
L
a
p
s
Lapped riderWinner
Doha, Sunday, April 07, 2013
These data/results cannot be reproduced, stored and/or transmitted in whole or in part by any manner of electronic, mechanical, photocopying, recording, broadcasting or otherwise now
known or herein after developed without the previous express consent by the copyright owner, except for reproduction in daily press and regular printed publications on sale to the public
within 60 days of the event related to those data/results and always provided that copyright symbol appears together as follows below.
© DORNA, 2013
Official MotoGP Timing by
www.motogp.com
TISSOT
