Lap Chart
GAULOISES DUTCH TT
Computerised results and timing service
6027m
Assen
125cc
22
Race
Pos
Grid 3
1
15
2
17
3
7
4
12
5
27
6
41
7
48
8
80
9
36
10
22
11
4
12
23
13
32
14
58
15
34
16
79
17
24
18
6
19
19
20
1
21
8
22
88
23
11
24
63
25
25
26
33
27
42
28
31
29
10
30
77
31
26
32
76
33
21
34
78
35
1 17 27 36 41 7 3 22 80 79 32 12 15 8 1 23 34 6 4 24 10 88 48 75 19 77 25 26 63 21 42 31 11 58 76 89
2 17 27 22 36 7 3 79 41 80 1 32 12 15 8 23 6 34 4 10 88 75 24 48 77 19 26 21 25 63 11 31 58 76 42 89
3 17 22 80 36 7 3 41 79 1 32 15 8 12 23 6 10 34 88 4 75 24 48 19 77 21 26 63 11 25 58 31 76 42 89 78
4 17 22 80 7 41 36 3 79 1 8 15 32 12 23 6 10 34 88 4 75 24 48 19 21 77 26 63 11 25 31 58 76 89 78 42
5 17 22 80 7 41 36 3 79 1 8 15 32 12 23 10 6 88 34 4 75 24 19 48 21 77 26 63 11 31 25 58 76 89 78 42
6 17 22 80 41 7 36 3 79 1 8 12 15 32 23 6 10 88 34 4 24 75 19 48 21 77 63 26 11 31 58 25 76 89 78 42
7 17 22 80 41 7 36 3 79 1 8 12 32 15 23 6 88 34 10 4 24 19 75 48 21 77 63 26 11 31 58 76 25 89 78 42
8 17 22 80 41 7 36 3 79 8 12 32 15 23 88 6 34 19 24 48 75 4 10 21 77 63 26 31 11 58 76 25 78
9 17 22 80 41 7 3 36 79 12 8 15 32 23 88 34 6 19 48 24 75 4 10 21 77 63 31 26 11 58 76 25 78
10 17 22 80 41 7 3 36 79 12 15 32 8 23 34 6 88 24 19 4 75 21 77 63 31 26 11 58 76 25 78
11 17 22 80 41 7 3 36 12 79 15 8 34 32 23 6 24 88 4 75 21 31 63 26 58 11 25 76
12 17 22 80 41 7 3 12 36 15 79 32 8 23 34 6 24 4 88 75 21 31 63 26 58 11 25 76
13 17 22 80 41 7 3 12 15 36 32 79 23 34 6 24 4 75 21 31 63 88 26 58 11 25 76
14 17 22 80 41 7 3 12 15 32 23 79 36 34 24 6 4 75 31 21 63 26 58 11 25 76
15 17 22 80 41 7 3 12 15 32 36 79 24 34 23 6 4 31 75 63 26 58 11 25 76
16 17 22 80 41 7 3 15 12 24 36 34 79 23 32 6 4 31 75 63 26 58 11 25 76
17 17 22 80 41 7 15 12 3 79 34 36 24 23 32 6 4 31 75 63 58 26 11
L
a
p
s
Lapped riderWinner
Assen, Saturday, June 28, 2003
These data/results can not be reproduced, stored and/or transmitted in whole or in part by any manner of electronic, mechanical, photocopying, recording, broadcasting or otherwise now known or herein
after developed without the previous express consent by the copyright owner, except for reproduction in daily press and regular printed publications on sale to the public within 60 days of the event related to
those data/results and always provided that copyright symbol appears together as follows below.
© DORNA, 2003
Official information of MotoGP
www.motograndprix.com
