 Automotodrom Brno                 Computerised results and timing service provided by TISSOT
                                                                                                                                                                      Moto2
                                  CARDION AB GRAND PRIX CESKÉ REPUBLIKY
                                  Race
          5403 m.                 Lap Chart                                                                                                                                           19
Pos        1 2 3 4 5 6 7 8 9 10 11 12 13 14 15 16 17 18 19 20 21 22 23 24 25 26 27 28 29 30 31 32 33 34 35 36 37 38 39
Grid      48 29 24 44 72 77 3 41 60 45 16 10 12 25 6 2 35 63 55 65 80 40 71 14 52 61 81 53 11 59 9 8 68 19 4 95 39 5 88


     1    48 24      3 16 44 77 10           2 45 29       6 72 60 65 35 25 12 52 63 55 40 19 61                        9 68 71 59 81 80 14 53 11                 4 39      5 88 95          8
     2    48    3 24 16 44         2 45 77       6 29 10 60 72 65 35 25 12 52 55 63 40 19 68 61 81 71 80 14 53                                      4 11 39       8    5 95 88 59
     3    48    3 24 16 44 29           2    6 10 45 60 72 77 65 35 25 52 12 55 63 40 19 68 71 14 80 61                                    4   8 53 11 39         5 95 88 59
     4      3 16     6 44 48 29 24           2 60 72 10 65 77 35 52 25 12 55 63 40 19 14 68 61 71                                8 45 80 53         4 11 39       5 95 88 59
     5      6 16 44 29 24          3    2 48 72 60 10 65 77 35 52 12 25 55 63 40 19 14 68                               8 61 80 71 45 11            4 53 39       5 95 88 59
     6    29 16      6 24 44       3    2 48 72 60 65 10 77 52 35 25 12 63 55 40 19 14                             8 61 80 68 45 11 71              4 53 39       5 95 88 59
     7    29 16 24        6 44     2    3 60 72 65 10 77 48 35 52 63 25 12 55 40 19 14                             8 45 80 61 68 11 71 39                4 53     5 95 88 59
     8    29 16 24 44         6    2    3 72 60 65 10 77 35 48 52 12 25 63 55 40 19 14                             8 45 80 61 68 71 11 39                4 53     5 95 88 59
     9    29 24 16 44         6    2    3 72 60 65 10 77 35 12 48 63 55 25 40 19 14                           8 80 45 61 52 68 11 71                4 39 95 53         5 88 59
    10    29 24 44 16         6 72      2    3 60 65 77 35 12 10 48 55 63 25 40 19                        8 14 80 45 61 68 11 71 39                 4 95 53       5 59 88

L   11    29 24 44 16 72           6    2    3 60 65 35 77 48 10 55 12 25 40 63 19                        8 14 80 61 45 11 71 68 39                 4 53 95       5 59 88
a   12    29 24 44 16 72           6    2 60     3 65 35 10 48 77 55 12 40 25 63 19                       8 14 61 45 80 11 68 39 71                 4 53 95       5 59 88
p         24 29 44 16 72           6 60      2   3 65 10 48 35 12 77 55 40 25 63 19                       8 14 61 45 80 68 39 71               4 53      5 95 59 88
s
    13
    14    24 44 29 16 72           6 60      2   3 65 10 48 35 12 55 77 40 25 63 19                       8 14 61 80 45 68 39 71               4    5 53 59 95 88
    15    24 29 72 16 60           6    2    3 65 48 10 55 12 35 77 40 25 63                    8 19 14 61 80 45 68 39 71                  4   5 59 95 53 88
    16    24 29 72 16 60           6    2    3 65 48 55 12 10 35 77 40 25 63                    8 19 14 68 61 45 80              4 39 71 59         5 95 53 88
    17    24 29 72 16 60           6    2    3 65 48 12 55 10 35 77 40 25 63                    8 19 14 45 68 80 61 71                4 39 59       5 95 53 88
    18    24 29 72 16 60           2    6    3 48 65 12 55 10 35 77 40 25 63                    8 19 14 45 68 61 71 80                4 39 59       5 95 53 88
    19    24 72 29 16 60           2    6    3 48 65 12 55 35 10 40 77 25                   8 19 63 14 45 68 61             4 80 71 39 59 95             5 53 88
    20    24 72 29 16 60           2    6    3 65 48 12 55 10 40 35 77 25                   8 19 63 14 45 68            4 80 71 61 59 39 95              5 53 88




          Winner                   Lapped rider
These data/results cannot be reproduced, stored and/or transmitted in whole or in part by any manner of electronic, mechanical, photocopying, recording, broadcasting or otherwise now
known or herein after developed without the previous express consent by the copyright owner, except for reproduction in daily press and regular printed publications on sale to the public
within 60 days of the event related to those data/results and always provided that copyright symbol appears together as follows below.
© DORNA, 2010

Official MotoGP Timing byTISSOT
www.motogp.com

Brno, Sunday, August 15, 2010
