GRAN PREMIO DE ARAGÓN
Computerised results and timing service provided by
5078 m.
Motorland Aragon
Moto2
Race
Lap Chart 19
TISSOT
Pos
Grid 93
1
60
2
45
3
65
4
15
5
40
6
16
7
44
8
36
9
29
10
12
11
3
12
51
13
72
14
38
15
71
16
76
17
75
18
63
19
34
20
13
21
18
22
77
23
19
24
4
25
88
26
25
27
35
28
7
29
14
30
64
31
53
32
9
33
6
34
33
35
39
36
95
37
82
38
68
39
1 45 93 65 60 40 15 29 16 63 44 51 3 12 71 36 38 19 77 72 13 76 35 75 25 34 14 4 88 18 7 53 39 33 9 64 95 6 82
2 45 93 65 60 29 40 15 63 16 3 44 51 71 12 36 38 19 72 13 77 76 75 25 34 35 14 4 88 18 7 33 53 9 39 64 95 6 82
3 93 45 65 29 40 15 63 3 60 16 44 36 51 71 38 12 72 77 13 19 25 76 75 14 34 35 18 4 88 7 9 33 53 39 64 6 95 82
4 93 65 45 29 40 3 15 63 60 16 36 44 51 71 12 38 72 13 77 19 76 34 14 25 35 18 4 9 88 7 53 33 39 64 6 95 82
5 65 93 45 29 3 15 40 63 60 16 36 44 71 51 38 12 72 13 77 19 76 34 14 35 18 4 88 9 7 53 25 64 33 39 6 95 82
6 65 93 29 45 3 15 40 63 60 16 36 44 71 12 38 72 51 77 19 13 76 34 14 18 35 4 9 88 7 25 53 64 33 39 6 95 82
7 65 29 45 93 3 15 63 40 60 16 36 44 38 71 12 72 51 77 19 13 76 34 14 18 35 4 9 88 7 25 53 33 64 39 6 95 82
8 29 93 65 3 45 15 40 60 63 36 16 38 44 71 72 12 51 77 19 13 76 34 14 18 35 4 9 88 25 7 53 64 33 39 6 95 82
9 93 29 3 15 45 65 40 60 63 36 16 38 44 72 12 71 77 51 19 13 76 34 14 18 35 25 9 4 88 7 53 33 39 64 6 95 82
10 29 3 93 15 65 45 40 60 63 36 38 12 44 72 77 71 51 13 76 19 34 18 25 9 4 88 7 53 33 64 39 6 95 82
11 29 3 93 65 15 40 45 63 60 38 12 36 44 72 77 71 51 13 76 19 34 18 25 9 4 88 7 53 33 64 39 6 95 82
12 29 3 93 65 15 40 45 63 60 38 12 36 44 77 71 51 13 76 19 34 18 25 9 4 7 88 53 33 39 64 6 95 82 72
13 93 29 3 15 65 40 45 63 60 12 38 36 44 77 71 51 13 76 19 34 18 25 4 9 7 88 33 53 64 6 39 95 82 72
14 93 29 3 15 65 40 45 60 63 12 38 36 44 77 51 71 13 76 19 34 18 25 4 9 7 88 33 6 53 64 39 95 82 72
15 93 3 29 15 65 40 45 60 12 63 38 36 77 44 13 51 76 19 34 71 18 25 4 9 7 88 33 6 53 64 39 95 82 72
16 93 29 15 3 65 40 12 45 60 38 36 63 77 44 13 76 51 19 34 71 18 4 25 9 7 88 33 6 64 53 39 95 82 72
17 93 29 3 15 40 12 45 38 65 60 36 63 77 44 76 13 19 34 71 18 4 25 9 7 88 51 6 33 64 53 39 95 72 82
18 93 29 3 15 12 40 38 45 65 36 63 77 44 60 76 13 34 19 71 18 4 25 9 7 88 64 33 53 6 39 95 72 82
19 93 29 3 15 12 40 38 45 65 36 77 63 44 76 13 60 34 19 71 18 4 9 25 7 88 64 33 6 53 39 72 95 82
20 93 29 3 15 40 12 36 38 65 45 77 76 63 44 13 60 34 19 71 18 4 9 25 7 88 64 33 6 53 39 72 95 82
21 93 29 3 15 40 38 12 65 77 36 13 63 76 44 45 34 60 19 71 18 4 25 9 7 88 64 33 6 53 39 72 95 82
L
a
p
s
Lapped riderWinner
Alcañiz, Sunday, September 18, 2011
These data/results cannot be reproduced, stored and/or transmitted in whole or in part by any manner of electronic, mechanical, photocopying, recording, broadcasting or otherwise now
known or herein after developed without the previous express consent by the copyright owner, except for reproduction in daily press and regular printed publications on sale to the public
within 60 days of the event related to those data/results and always provided that copyright symbol appears together as follows below.
© DORNA, 2011
Official MotoGP Timing by
www.motogp.com
TISSOT
