betandwin.com BRITISH GRAND PRIX
Computerised results and timing service
4023 m.
Donington Park
250cc
Race
Lap Chart 22
Pos
Grid 1
1
48
2
5
3
34
4
19
5
7
6
80
7
73
8
55
9
27
10
15
11
50
12
6
13
24
14
14
15
57
16
96
17
17
18
25
19
8
20
28
21
32
22
36
23
38
24
64
25
44
26
21
27
42
28
41
29
26
30
20
31
23
32
1 73 7 34 1 19 14 27 5 50 80 57 24 48 25 36 15 28 8 32 17 64 38 41 96 44 26 20 42
2 73 7 1 34 14 5 27 19 50 80 24 57 48 25 28 36 8 32 15 17 64 38 96 41 26 44 42 20
3 73 7 14 1 34 27 5 19 50 24 80 57 25 48 36 8 32 15 64 17 38 96 41 44 26 42 20
4 73 7 14 27 1 5 34 19 50 24 57 80 25 48 36 8 32 15 64 38 17 96 41 44 26 42 20
5 73 7 14 27 5 1 34 19 50 24 57 80 25 48 8 32 15 64 38 17 96 41 44 26 42 20
6 73 7 14 27 5 1 34 19 50 24 80 25 57 48 8 32 15 64 38 17 96 41 44 26 42 20
7 73 7 14 27 5 1 34 19 50 24 80 25 57 48 8 32 15 64 38 17 96 41 44 42 20 26
8 73 7 14 27 5 1 19 50 34 24 25 80 57 48 8 32 15 64 38 17 96 41 44 42 20 26
9 73 7 14 27 1 19 50 34 24 25 48 57 80 8 32 15 64 38 17 96 41 44 42 20 26
10 73 7 14 27 1 19 50 34 24 25 48 80 8 57 32 15 64 38 17 96 41 44 42 20 26
11 73 7 14 27 1 19 50 34 24 48 25 8 80 57 32 15 38 64 96 17 41 44 42 20
12 73 14 7 27 1 19 50 34 24 48 8 80 57 32 15 38 96 64 17 25 41 44 42 20
13 14 7 27 1 19 50 34 24 48 80 8 57 32 15 38 96 64 17 25 41 44 20
14 7 14 27 1 19 50 34 24 48 80 8 57 32 15 38 96 64 17 25 41 44 20
15 7 14 27 1 19 50 34 24 48 80 8 57 32 15 38 96 64 25 17 41 44 20
16 7 27 14 1 19 50 34 24 48 80 8 57 32 15 38 96 64 25 17 41 44 20
17 27 7 14 1 19 50 34 24 48 8 57 32 15 38 96 64 25 17 41 44 20
18 7 27 14 1 19 50 34 24 48 8 57 32 15 38 96 25 64 17 41 44 20
19 7 27 14 1 19 34 24 48 50 8 57 32 15 38 25 96 64 17 41 44 20
20 7 27 14 1 19 34 24 48 50 8 57 32 15 25 38 96 64 17 41 44 20
21 7 14 27 1 19 34 24 48 50 8 57 32 15 25 38 64 96 17 41 44 20
22 14 7 27 1 19 34 24 48 50 8 57 32 15 25 38 64 96 17 41 20
23 14 27 7 1 19 34 24 48 50 8 32 15 25 38 64 96 17 41 20
24 27 7 14 1 19 34 24 48 50 8 32 15 25 38 64 96 17 41
25 7 14 27 1 19 34 24 48 50 8 32 15 25 38 64 96 17 41
26 7 14 27 1 19 24 34 48 50 8 32 15 25
27 7 14 27 1 19 24 34 48
L
a
p
s
Lapped riderWinner
Donington, Sunday, July 24, 2005
These data/results cannot be reproduced, stored and/or transmitted in whole or in part by any manner of electronic, mechanical, photocopying, recording, broadcasting or otherwise now known or
herein after developed without the previous express consent by the copyright owner, except for reproduction in daily press and regular printed publications on sale to the public within 60 days of the event
related to those data/results and always provided that copyright symbol appears together as follows below.
© DORNA, 2005
Official information of MotoGP
www.motogp.com
