HERTZ BRITISH GRAND PRIX
Results and timing service provided by
5900 m.
Silverstone
Moto2
Race
Lap Chart 31
Pos
Grid 5
1
36
2
3
3
53
4
94
5
12
6
22
7
40
8
11
9
21
10
49
11
30
12
60
13
54
14
96
15
39
16
19
17
81
18
77
19
88
20
55
21
23
22
7
23
4
24
95
25
8
26
84
27
2
28
97
29
70
30
25
31
10
32
80
33
9
34
1 5 36 3 53 94 22 21 40 12 49 60 54 30 19 11 55 23 4 81 88 96 2 7 8 97 95 84 39 70 25 10 9 80 77
2 36 5 3 53 94 22 40 21 12 49 60 54 30 19 55 23 81 11 88 4 96 7 2 95 8 39 97 84 70 25 10 9 77 80
3 36 5 53 3 94 22 40 21 12 49 60 54 30 19 55 23 11 81 88 96 4 7 8 2 95 39 97 70 84 25 10 9 77 80
4 5 36 53 94 3 40 22 12 21 54 60 49 19 55 30 11 23 81 88 96 4 7 8 2 39 95 97 70 84 25 10 9 77 80
5 5 36 94 53 3 40 12 21 22 54 60 19 55 49 30 11 23 88 81 96 4 7 39 8 2 95 97 84 70 25 10 77 9 80
6 36 5 94 53 3 40 12 21 22 54 60 19 55 49 30 11 23 88 81 96 4 7 39 8 2 84 95 97 70 25 10 77 9 80
7 36 5 94 53 40 3 21 12 22 54 19 60 55 49 11 30 88 81 23 96 4 7 39 8 2 97 70 95 84 25 10 77 9 80
8 36 5 40 53 3 21 94 12 22 19 54 55 49 60 11 30 88 81 96 23 4 7 39 8 2 97 70 95 84 25 10 77 9 80
9 36 40 5 53 3 21 94 22 12 19 54 55 60 49 11 88 30 81 96 23 4 7 39 8 2 97 70 95 84 25 10 77 9 80
10 36 5 53 40 3 94 21 12 22 54 55 60 11 49 88 81 30 96 4 23 7 39 8 2 97 70 84 95 25 10 77 9 80
11 36 53 5 40 3 94 21 12 22 54 60 55 49 88 11 81 30 96 4 23 7 39 8 97 2 95 84 25 70 10 77 9 80
12 36 53 40 5 94 3 21 12 22 54 60 55 49 11 81 88 30 96 4 23 7 39 8 97 2 95 84 25 70 77 10 9 80
13 36 40 53 5 21 12 22 54 60 55 49 81 11 4 30 23 88 96 7 39 8 2 97 95 84 25 70 77 10 9 80
14 36 53 40 5 12 21 22 54 55 49 60 81 4 11 23 30 88 96 7 39 8 2 95 84 97 25 70 77 10 9 80
15 36 53 5 40 12 21 22 55 54 49 60 81 11 4 23 30 88 96 39 8 95 84 97 2 25 70 77 10 9 80
16 36 53 40 5 12 21 22 55 54 60 49 81 11 4 23 88 30 96 39 8 95 84 25 97 2 70 77 10 9
17 36 53 40 5 12 21 22 54 55 49 60 81 4 23 30 88 96 11 39 8 95 84 25 2 97 77 70 10 9
18 53 36 40 5 12 21 22 55 54 49 81 60 4 23 30 88 96 11 39 8 77 95 84 2 25 97 70 10
L
a
p
s
Lapped riderWinner
Silverstone, Sunday, August 31, 2014
These data/results cannot be reproduced, stored and/or transmitted in whole or in part by any manner of electronic, mechanical, photocopying, recording, broadcasting or otherwise now
known or herein after developed without the previous express consent by the copyright owner, except for reproduction in daily press and regular printed publications on sale to the public
within 60 days of the event related to those data/results and always provided that copyright symbol appears together as follows below.
© DORNA, 2014
Official MotoGP Timing by
www.motogp.com
TISSOT
