bwin.com GRANDE PREMIO DE PORTUGAL
Computerised results and timing service provided by
4182 m.
Estoril
250cc
Race
Lap Chart 19
TISSOT
Pos
Grid 40
1
19
2
58
3
4
4
6
5
35
6
75
7
14
8
16
9
63
10
55
11
17
12
12
13
15
14
73
15
25
16
48
17
52
18
53
19
7
20
11
21
56
22
8
23
88
24
10
25
1 19 6 40 4 35 58 16 55 63 75 14 12 73 15 25 17 56 7 48 52 11 53 8 10 88
2 19 40 6 58 35 4 16 63 55 75 14 15 73 25 17 12 48 52 56 7 53 11 8 10 88
3 19 58 40 35 6 16 63 4 55 14 75 15 25 73 17 12 48 52 7 53 11 56 8 10 88
4 58 19 40 35 63 16 4 6 55 14 75 15 25 12 73 17 48 52 53 7 11 56 8 88 10
5 58 35 40 63 16 4 14 75 15 25 12 17 48 73 52 53 7 56 11 6 8 88 10
6 58 40 63 16 4 14 75 15 12 25 17 48 73 52 53 7 6 56 11 8 35 88 10
7 58 40 63 4 16 14 75 15 12 25 17 48 52 73 53 7 6 56 11 8 88 10 35
8 58 40 63 4 16 14 15 75 12 25 17 48 52 73 53 7 6 56 11 8 88 10
9 58 40 63 4 16 14 15 75 12 25 17 48 52 73 53 6 7 56 11 8 88 10
10 58 40 63 4 16 14 75 12 25 17 48 52 73 6 53 7 56 11 8 88 10
11 58 63 40 4 16 14 75 12 25 17 48 52 73 6 53 7 56 11 8 88 10
12 58 63 40 4 16 14 75 12 25 17 48 52 73 6 53 7 56 11 8 88 10
13 58 63 40 4 16 14 75 12 25 17 52 73 6 53 7 56 11 8 88 10
14 58 40 63 4 16 14 75 12 25 17 52 73 6 53 7 56 11 8 88 10
15 58 40 63 4 16 14 75 12 25 17 52 73 6 53 7 56 11 8 10 88
16 58 40 63 4 16 14 75 12 25 17 52 73 6 53 7 56 11 8 10 88
17 58 40 63 4 16 14 75 12 25 17 52 73 6 53 7 56 11 8 10 88
18 58 40 63 4 16 14 75 12 25 17 52 6 73 53 7 56 11 8 10 88
19 58 40 63 4 16 14 75 12 25 17 52 6 73 53 7 56 11 8 10 88
20 58 63 40 4 16 14 75 12 25 17 52 6 73 53 7 56 11 8 10 88
21 58 63 40 4 16 14 12 75 25 17 52 6 73 53 7 56 11 8 10 88
22 58 63 40 4 16 14 12 75 17 52 6 73 25 53 7 56 11 8 10 88
23 58 63 40 4 16 14 12 75 17 52 6 73 53 25 7 56 11 8 10 88
24 58 63 40 4 16 14 12 75 17 6 52 73 53 25 7 56 11 8 10 88
25 58 63 40 4 16 14 12 75 6 17 52 73 53 25 7 11 8 10
26 58 40 63 4 16 14 12 75 6 17 52 73 53 25
L
a
p
s
Lapped riderWinner
Estoril, Sunday, October 04, 2009
These data/results cannot be reproduced, stored and/or transmitted in whole or in part by any manner of electronic, mechanical, photocopying, recording, broadcasting or otherwise now
known or herein after developed without the previous express consent by the copyright owner, except for reproduction in daily press and regular printed publications on sale to the public
within 60 days of the event related to those data/results and always provided that copyright symbol appears together as follows below.
© DORNA, 2009
Official MotoGP Timing by
www.motogp.com
TISSOT
