GRAN PREMI CINZANO DE CATALUNYA
Computerised results and timing service provided by
4727 m.
Circuit de Catalunya
125cc
Race
Lap Chart 19
TISSOT
Pos
Grid 60
1
44
2
94
3
35
4
33
5
18
6
38
7
29
8
17
9
45
10
99
11
93
12
14
13
11
14
71
15
6
16
12
17
77
18
8
19
7
20
73
21
16
22
24
23
32
24
42
25
43
26
53
27
50
28
69
29
5
30
87
31
39
32
10
33
31
34
1 44 94 18 60 33 29 99 6 38 93 12 7 24 11 45 35 71 32 17 14 8 53 16 73 50 42 5 77 87 10 39 43 69 31
2 29 18 60 44 94 33 99 93 38 6 12 45 24 11 35 17 14 32 71 8 16 73 53 42 50 77 87 43 39 5 10 69 31
3 60 29 18 44 94 33 38 99 93 12 6 45 17 11 35 24 14 32 71 8 16 73 42 53 77 50 87 43 39 10 5 69 31
4 60 29 18 44 94 33 38 93 12 99 17 6 45 11 35 14 24 32 8 71 16 73 42 53 77 50 87 43 39 5 31 69 10
5 29 60 18 44 94 33 38 93 12 17 45 99 11 6 35 14 32 24 8 71 73 16 42 77 50 53 43 87 39 31 5 10
6 29 60 18 94 33 38 93 17 45 12 11 6 35 99 14 24 32 8 71 73 16 42 77 50 53 43 87 39 31 10
7 29 60 18 33 94 38 93 17 45 12 11 35 6 14 99 32 24 8 71 73 16 77 42 50 53 43 87 39 31 10
8 60 29 33 18 94 93 38 17 45 12 35 11 6 14 99 32 24 8 71 73 16 77 42 50 53 43 87 39 31 10
9 60 29 18 33 94 93 38 17 45 12 11 35 14 6 99 24 32 8 71 16 73 77 42 50 53 43 87 39 31 10
10 60 29 18 33 94 93 38 17 45 12 11 35 14 6 24 32 99 71 73 16 77 42 53 50 43 87 8 39 31 10
11 60 29 33 18 93 94 38 17 45 12 11 35 14 6 24 32 71 73 16 77 42 53 99 50 43 87 39 31 10
12 60 29 33 18 93 94 17 38 45 12 11 35 14 6 24 32 73 71 16 42 77 53 50 43 87 39 31 10
13 60 29 33 18 93 94 17 38 45 12 11 35 6 14 24 32 73 71 16 42 77 53 50 43 87 31 39 10
14 60 29 33 93 18 94 17 38 45 12 11 35 14 6 24 32 73 71 16 42 77 53 50 43 87 31 10
15 60 29 33 93 18 94 17 38 11 45 12 35 14 6 73 24 32 16 71 42 77 53 50 43 87 31 10
16 60 29 33 93 18 94 17 38 11 45 12 35 14 6 73 24 32 16 71 42 77 53 50 43 87 31 10
17 60 29 33 93 18 94 17 38 11 45 12 35 14 6 73 24 71 16 77 42 53 50 43 87 31 10
18 60 29 18 94 93 33 17 38 11 35 45 12 14 6 73 24 71 16 77 42 53 50 43 87 31 10
19 60 29 18 94 33 93 17 38 35 45 11 12 14 6 73 24 71 16 42 77 53 50 43 87 31 10
20 60 29 18 33 94 93 17 38 45 11 35 12 14 6 73 24 71 16 42 77 53 50 43 87 31 10
21 60 29 33 18 93 94 17 38 45 35 11 12 6 14 73 24 71 16 42 77 53 50 43 87 31
22 29 18 33 60 93 94 17 38 11 35 45 12 14 6 73 24 71 16 42 77 53 50 43 87
L
a
p
s
Lapped riderWinner
Barcelona, Sunday, June 14, 2009
These data/results cannot be reproduced, stored and/or transmitted in whole or in part by any manner of electronic, mechanical, photocopying, recording, broadcasting or otherwise now
known or herein after developed without the previous express consent by the copyright owner, except for reproduction in daily press and regular printed publications on sale to the public
within 60 days of the event related to those data/results and always provided that copyright symbol appears together as follows below.
© DORNA, 2009
Official MotoGP Timing by
www.motogp.com
TISSOT
