ALICE TT ASSEN
Computerised results and timing service provided by
4555 m.
Assen
125cc
Race
Lap Chart 19
TISSOT
Pos
Grid 11
1
60
2
18
3
17
4
38
5
29
6
24
7
44
8
33
9
93
10
6
11
12
12
99
13
35
14
7
15
14
16
45
17
94
18
77
19
16
20
32
21
39
22
8
23
82
24
85
25
53
26
73
27
5
28
86
29
69
30
87
31
71
32
10
33
83
34
84
35
1 18 33 29 38 60 17 24 11 44 93 6 7 12 35 94 8 14 32 45 77 53 39 71 85 69 82 83 87 86 10 73 5 16
2 29 18 33 38 60 17 24 11 44 6 12 93 7 94 14 8 77 39 71 53 85 69 82 86 87 83 10 73 16
3 18 29 33 60 38 24 17 11 44 12 6 93 7 94 14 8 39 71 77 85 53 69 82 86 87 83 10 73 16
4 29 18 60 33 38 17 11 24 44 12 93 6 7 94 14 8 39 71 77 53 69 85 82 86 87 83 10 73 16
5 18 33 60 29 38 17 12 24 7 93 44 6 14 94 8 39 77 69 71 82 85 53 86 87 73 83 10 16
6 18 60 33 29 38 17 93 12 24 6 44 7 14 94 8 69 39 71 77 85 82 53 86 73 83 87 10
7 18 60 33 29 38 17 6 24 12 7 44 93 14 94 8 69 39 71 77 82 85 53 73 86 83 87 10
8 18 60 33 29 38 17 6 24 7 12 94 44 93 8 69 39 77 71 85 82 53 73 86 14 83 87 10
9 18 60 33 29 38 17 6 12 24 7 94 44 93 8 69 39 85 77 82 53 73 86 14 83 87 10 71
10 18 60 33 29 38 24 17 12 94 6 7 44 93 8 39 69 85 77 82 53 73 14 86 83 87 10
11 18 60 33 29 38 24 17 12 94 6 44 7 93 8 69 39 77 85 82 53 73 14 86 83 87 10
12 18 33 60 29 38 17 24 94 44 6 7 93 8 69 39 85 77 82 53 73 14 86 87 83 10
13 33 18 60 38 29 17 24 94 44 7 6 93 8 39 69 85 77 82 53 73 14 86 87 83 10
14 33 18 60 29 38 17 94 24 44 7 93 6 8 39 85 69 77 82 73 53 14 86 87 83 10
15 18 60 33 29 38 17 94 24 44 93 7 6 8 39 85 82 77 69 73 53 14 86 87 83 10
16 18 60 33 29 38 17 24 44 94 93 6 7 8 39 85 77 82 69 73 53 14 86 87 83 10
17 18 60 33 29 38 17 44 24 94 93 6 7 8 39 85 77 82 73 69 53 14 86 87 83 10
18 18 60 33 29 38 17 44 94 24 93 6 7 8 77 85 39 82 73 69 53 14 86 87 83 10
19 18 33 60 29 38 44 17 93 94 6 24 7 77 8 39 73 85 82 69 53 14 86 87 83 10
20 18 60 33 29 38 17 93 6 44 24 94 7 73 8 77 39 85 82 69 53 14 86 87 83 10
21 60 18 33 38 29 17 6 93 24 94 44 7 73 77 85 8 39 82 53 69 14 86 87 83 10
22 33 18 60 38 29 17 94 24 44 93 6 7 77 85 8 39 73 82 53 69 14 86 87
L
a
p
s
Lapped riderWinner
Assen, Saturday, June 27, 2009
These data/results cannot be reproduced, stored and/or transmitted in whole or in part by any manner of electronic, mechanical, photocopying, recording, broadcasting or otherwise now
known or herein after developed without the previous express consent by the copyright owner, except for reproduction in daily press and regular printed publications on sale to the public
within 60 days of the event related to those data/results and always provided that copyright symbol appears together as follows below.
© DORNA, 2009
Official MotoGP Timing by
www.motogp.com
TISSOT
