       Sachsenring                 Results and timing service provided by
                                                                                                                                                                      Moto2
                                  eni MOTORRAD GRAND PRIX DEUTSCHLAND
                                  Race
          3671 m.                 Lap Chart                                                                                                                                           31
Pos        1 2 3 4 5 6 7 8 9 10 11 12 13 14 15 16 17 18 19 20 21 22 23 24 25 26 27 28 29 30 31 32 33 34 35
Grid      77 36 53 81 21 3 5 12 15 4 19 7 40 23 60 88 55 54 18 94 11 96 49 39 95 22 8 30 25 2 97 45 70 10 33


     1    77 36 81 53 21           5    3 12 15 19         4   7 88 54 40 60 23 96 55 11 18 22 94 49 95                          8 97 30 70         2 45 39 33 10 25
     2    36 81 77 53         3 21      5 15     7 19 12 88         4 40 54 23 60 11 96 55 18 94 22 95 49                        8 30 97 70         2 45 39 33 10 25
     3    36 77 81        3 21 53       5 15     7 19 12 40 54 88            4 60 23 11 96 55 94 18 22 49 95                     8 30 97 70 39 45            2 33 10 25
     4    36 77      3 81 21 53         5 15     7 40 12 19 88           4 54 23 11 96 18 55 94 49 22 95                    8 30 97 39 70 45             2 60 33 10 25
     5    36 77      3 21 53       5 15      7 40 12 19 54          4 88 23 11 96 18 55 94 49 22 95                     8 30 39 97 70 45            2 60 33 10 25
     6    36 77      3 21 53       5 15      7 40 12 54 19          4 88 23 11 96 18 55 94 49 95 22                     8 30 39 97 70 45 60              2 33 10 25
     7    36 77      3 21 53       5 15 40 12 54 19            4 88 11 23 96 18 55 49 94 95 22                     8 30 39 97 70 60 45              2 33 10 25
     8    36 77 21        3 53     5 15 40 12 54           4 19 11 88 23 96 18 55 49 95 22                    8 39 30 70 94 60 97 45                2 10 33 25
     9    36 77      3 21 53       5 15 40 12 54           4 19 11 88 23 96 18 55 49 95 22 39                      8 30 60 45 70 97            2 10 33 25
    10    36 77      3 21 53       5 15 40 12 54           4 11 19 88 96 23 18 55 49 39 95 22                      8 60 30 45 70 97            2 10 33 25

L   11    36 77      3 21 53       5 40 15 54 12           4 11 88 19 96 23 55 49 18 39 95 22                      8 60 30 45 70 97            2 10 33 25
a   12    36 77      3 21 53       5 40 15 54 12           4 11 88 19 96 23 49 55 18 39 95 22 60                        8 30 45 70 97          2 10 33 25
p         36 77      3 21 53       5 40 15 54         4 12 11 88 19 96 23 49 55 18 39 95 22 60                          8 30 45 70 97 10 33 25
s
    13
    14    36 77      3 53 21 40         5 15     4 54 12 11 88 19 96 23 49 55 18 39 95 22 60                            8 30 45 70 97 10 33 25
    15    36 77 53        3 21 40 15 54          4 12 11 88 19 96 23 49 55 18 39 95 60 22 30                            8 45 70 97 10 33 25
    16    36 77 53        3 21 40 15 54          4 12 11 88 19 96 23 49 55 18 39 95 60 22 30 45                             8 70 97 10 33 25
    17    36 77      3 53 21 40 15 54            4 12 11 88 19 96 23 49 55 18 39 60 95 22 30 45                             8 70 97 10 33 25
    18    36 77      3 53 21 40 54 15            4 12 11 88 19 96 23 49 55 18 39 60 95 22 30 45                             8 70 97 10 33 25
    19    36 77 53        3 21 40 54         4 15 12 11 88 19 96 23 49 55 18 39 60 95 22 30 45                              8 70 97 10 33 25
    20    36 77 53        3 21 40 54         4 12 15 11 88 19 96 23 49 55 18 39 60 95 22 30 45                              8 70 97 10 33 25
    21    36 77 53        3 40 21 54         4 12 15 11 88 19 96 23 49 55 39 18 60 95 22 30 45                              8 70 97 10 33 25
    22    36 77 53        3 40 21       4 54 12 15 11 88 19 96 23 49 55 39 60 95 18 22 30 45 70                                  8 97 10 33 25
    23    36 77 53        3 40 21 54         4 12 88 19 96 23 49 55 39 60 95 18 22 30 45 70 97                              8 10 33 25
    24    36 77 53        3 40 21 54         4 12 88 19 96 23 49 39 55 60 95 18 22 30 45 70 97                              8 10 33 25
    25    36 77 53 40         3 21 54        4 12 19 88 96 23 49 39 60 55 95 18 22 30 45 70 97                              8 33 10 25
    26    77 36 53        3 40 21 54         4 12 19 88 96 23 39 49 60 95 55 18 22 30 45 97 70                              8 33 10 25
    27    36 77 53        3 40 21 54         4 12 19 88 96 23 39 49 60 95 55 18 22 30 45 97                             8 70 10 33 25
    28    36 77 53        3 40 21 54         4 12 19 88 96 23 39 49 60 95 55 18 22 30 45 97                             8 70 10 33
    29    77 36      3 53 40 21         4 54 12 19 88 23 96 39 49 60 95 55 18 22 30 45 97 70                                8




          Winner                   Lapped rider
These data/results cannot be reproduced, stored and/or transmitted in whole or in part by any manner of electronic, mechanical, photocopying, recording, broadcasting or otherwise now
known or herein after developed without the previous express consent by the copyright owner, except for reproduction in daily press and regular printed publications on sale to the public
within 60 days of the event related to those data/results and always provided that copyright symbol appears together as follows below.
© DORNA, 2014

Official MotoGP Timing byTISSOT
www.motogp.com

Sachsenring, Sunday, July 13, 2014
