eni MOTORRAD GRAND PRIX DEUTSCHLAND
Results and timing service provided by
3671 m.
Sachsenring
Moto3
Race
Lap Chart 31
Pos
Grid 8
1
10
2
12
3
98
4
52
5
41
6
42
7
57
8
58
9
33
10
65
11
23
12
63
13
3
14
19
15
32
16
7
17
84
18
44
19
55
20
43
21
61
22
38
23
51
24
5
25
91
26
17
27
11
28
97
29
95
30
22
31
9
32
86
33
4
34
1 8 12 10 52 98 41 57 58 32 65 23 84 63 44 5 55 3 7 61 17 38 43 9 51 4 95 19 97 22 86 33 11 91
2 8 12 10 52 41 58 98 32 65 57 23 84 5 7 44 55 63 3 17 61 38 95 4 19 97 22 86 43 33 11 91
3 8 12 10 41 52 58 98 32 65 23 5 57 84 7 44 17 55 63 3 61 38 19 95 4 97 22 86 43 33 11 91
4 8 12 10 41 52 98 58 32 65 23 7 57 17 84 55 44 3 61 38 4 95 19 97 22 86 43 33 11 91
5 8 12 10 41 52 32 58 98 65 23 7 17 57 44 55 84 3 61 38 19 4 95 97 22 86 43 33 11 91
6 8 12 10 41 52 58 98 65 32 23 7 17 57 44 84 55 3 61 38 19 95 4 97 22 43 86 33 11 91
7 8 12 10 41 52 98 65 58 23 32 7 17 44 57 55 3 84 61 38 19 95 4 97 22 43 86 33 11 91
8 8 12 41 10 52 65 98 58 7 23 32 44 17 57 55 3 84 61 19 38 95 4 97 22 43 33 86 11 91
9 8 12 41 10 52 98 65 7 58 23 44 17 32 57 84 3 55 61 19 38 95 4 97 22 43 33 86 11 91
10 8 41 12 10 52 98 7 65 23 32 44 58 17 57 84 55 3 61 19 38 95 4 97 22 43 33 86 91 11
11 8 41 12 10 52 98 23 7 32 44 17 58 65 57 84 3 55 61 19 38 95 4 97 22 43 33 86 91 11
12 8 41 12 52 10 98 23 44 7 17 32 58 65 57 3 84 55 61 19 95 4 38 97 22 43 33 86 11 91
13 8 41 12 52 10 23 98 44 7 32 17 58 65 3 57 55 84 61 19 95 38 97 22 33 43 86 11 91
14 8 12 41 52 10 98 44 23 7 17 58 32 65 3 84 55 57 61 19 95 38 97 22 33 43 86 91
15 8 41 52 10 12 98 7 17 44 58 23 3 55 65 84 32 57 61 19 95 38 97 22 33 43 86 91
16 8 41 12 52 10 98 44 7 17 58 23 3 32 57 84 65 61 19 95 38 97 22 33 43 86 91
17 8 41 12 10 52 44 98 7 23 17 58 3 32 84 65 57 61 19 38 95 97 33 22 43 86 91
18 8 41 52 12 10 44 98 7 23 58 17 3 32 84 65 57 61 19 38 95 33 97 22 43 91 86
19 8 41 12 52 10 44 98 23 7 17 58 32 3 65 84 57 61 19 38 95 33 97 22 43 91 86
20 8 41 12 10 52 7 17 32 58 23 65 3 57 84 61 19 38 95 33 22 97 43 91 86
21 8 41 12 10 52 7 17 58 23 32 3 65 57 84 61 19 38 95 33 22 97 43 91 86
22 8 41 10 12 52 7 23 17 58 3 32 65 84 57 61 19 38 95 33 22 43 97 91 86
23 8 41 52 10 12 7 23 17 32 3 58 84 65 57 61 19 38 95 33 22 43 97 91 86
24 8 41 52 10 12 23 7 17 3 32 84 58 57 65 61 19 38 95 33 43 22 97 91 86
25 8 41 12 10 52 7 17 32 3 84 58 65 61 57 19 38 95 33 43 22 97 91 86
26 8 41 10 12 52 7 17 58 3 32 84 65 61 57 19 95 33 38 43 22 97 91 86
27 8 41 10 12 52 7 17 32 3 58 84 65 61 57 33 19 95 38 43 22 97
L
a
p
s
Lapped riderWinner
Sachsenring, Sunday, July 13, 2014
These data/results cannot be reproduced, stored and/or transmitted in whole or in part by any manner of electronic, mechanical, photocopying, recording, broadcasting or otherwise now
known or herein after developed without the previous express consent by the copyright owner, except for reproduction in daily press and regular printed publications on sale to the public
within 60 days of the event related to those data/results and always provided that copyright symbol appears together as follows below.
© DORNA, 2014
Official MotoGP Timing by
www.motogp.com
TISSOT
