COMMERCIALBANK GRAND PRIX OF QATAR
Computerised results and timing service provided by
5380 m.
Losail Circuit
125cc
Race
Lap Chart 19
TISSOT
Pos
Grid 18
1
11
2
7
3
33
4
55
5
94
6
5
7
23
8
25
9
39
10
96
11
44
12
52
13
15
14
26
15
31
16
63
17
76
18
3
19
17
20
53
21
77
22
99
23
19
24
36
25
84
26
30
27
21
28
12
29
43
30
69
31
1 18 11 7 55 33 94 39 25 23 26 76 44 5 31 52 17 99 15 53 3 96 63 19 77 84 12 21 43 30 36
2 18 55 11 7 94 33 25 23 39 26 5 44 76 31 52 15 99 17 53 19 3 77 63 96 84 12 21 43 30 36
3 18 55 11 7 94 33 25 23 39 5 44 76 52 99 15 31 17 53 63 19 77 3 96 12 84 21 43 30 36 26
4 18 11 7 55 94 33 25 23 5 39 44 52 76 15 99 31 17 53 63 77 96 19 3 84 12 21 43 30 36 26
5 18 55 7 11 94 33 25 5 39 23 44 52 76 15 99 53 31 17 96 63 19 77 3 84 12 21 30 43 36 26
6 18 55 11 7 94 33 5 25 39 23 44 52 76 15 53 99 31 17 96 63 3 19 77 84 21 12 30 43 36 26
7 18 55 11 7 94 33 25 5 39 23 44 52 76 15 53 99 17 31 96 63 3 19 77 21 84 12 30 43 36 26
8 18 11 55 7 94 33 25 5 39 23 44 52 15 53 99 17 31 96 63 3 77 19 84 21 12 30 43 36 26
9 18 11 7 55 94 33 5 25 39 23 44 15 52 53 17 99 31 96 3 63 77 19 84 21 12 43 30 36 26
10 18 11 7 55 94 33 25 5 39 23 44 15 52 53 99 17 31 96 63 3 77 19 12 84 21 30 43 26
11 18 11 7 55 94 33 25 5 39 23 44 15 52 53 99 31 17 96 3 63 77 19 84 21 12 30 43 26
12 18 11 55 7 94 33 25 5 39 23 44 15 52 53 99 96 31 17 63 3 77 19 21 84 12 43 30 26
13 18 55 11 7 33 94 25 5 39 23 44 15 52 53 99 96 31 17 63 3 77 19 21 84 12 30 43 26
14 18 11 7 33 94 25 5 39 23 55 44 52 15 53 99 96 31 17 63 3 77 19 21 12 84 30 43 26
15 18 11 7 33 94 25 5 23 39 55 44 15 52 53 99 96 31 17 63 3 77 19 21 84 12 43 30
16 18 11 7 33 94 5 23 25 39 44 55 52 15 53 96 99 31 17 63 3 77 19 21 84 12 30 43
17 18 11 33 7 94 25 5 23 39 44 55 53 15 52 96 99 31 17 63 3 77 19 84 21 12 30 43
18 18 11 33 7 94 5 23 39 25 44 55 53 52 15 96 99 31 17 63 3 77 19 84 12 21 30 43
L
a
p
s
Lapped riderWinner
Doha, Sunday, March 20, 2011
These data/results cannot be reproduced, stored and/or transmitted in whole or in part by any manner of electronic, mechanical, photocopying, recording, broadcasting or otherwise now
known or herein after developed without the previous express consent by the copyright owner, except for reproduction in daily press and regular printed publications on sale to the public
within 60 days of the event related to those data/results and always provided that copyright symbol appears together as follows below.
© DORNA, 2011
Official MotoGP Timing by
www.motogp.com
TISSOT
