Lap Chart
GAULOISES AFRICA'S GRAND PRIX
Computerised results and timing service
4242m
Phakisa Freeway
500cc
22
Race
Pos
Grid 46
1
65
2
56
3
5
4
1
5
11
6
6
7
3
8
28
9
41
10
15
11
4
12
17
13
12
14
19
15
8
16
10
17
9
18
14
19
16
20
24
21
21
22
68
23
1 46 1 5 6 56 11 65 41 4 28 15 8 19 3 17 10 12 14 21 16 68 9
2 1 46 5 6 11 56 65 41 4 28 15 19 3 8 17 12 10 14 21 16 68 9
3 1 46 5 6 11 56 65 41 4 28 3 19 15 12 8 17 10 14 21 16 68 9
4 1 46 5 6 11 56 65 41 4 28 3 15 12 19 8 17 10 14 21 16 68 9
5 1 5 46 6 11 56 65 28 4 3 15 12 17 8 10 19 14 16 21 9 68
6 1 46 5 6 11 56 65 28 4 3 15 12 17 10 8 14 16 9 21 68 19
7 1 46 5 6 11 56 65 28 4 3 15 12 17 10 8 14 16 9 21 68 19
8 1 46 5 6 11 56 65 28 4 3 15 12 17 10 8 14 16 9 21 68 19
9 1 46 5 6 11 65 56 28 4 3 15 12 17 10 8 14 16 9 21 19 68
10 1 46 5 6 65 11 56 28 4 3 15 12 17 10 8 14 9 16 21 19 68
11 1 46 5 6 65 11 56 28 4 3 15 12 17 10 8 14 9 16 19 21 68
12 1 46 6 5 65 11 56 28 4 3 15 12 17 10 8 14 9 16 19 21 68
13 1 6 46 65 5 11 56 28 4 3 15 12 17 10 8 14 9 16 19 21 68
14 6 1 46 65 5 11 56 28 4 3 15 12 17 10 8 14 9 16 19 21 68
15 6 46 1 65 5 11 56 28 4 3 15 12 17 10 8 14 9 16 19 21 68
16 6 46 65 1 5 11 56 28 4 3 15 12 17 10 8 14 9 19 16 21 68
17 46 6 65 1 5 11 56 28 4 3 15 17 12 10 8 14 9 19 16 21 68
18 46 65 6 11 1 56 28 4 3 15 17 12 10 8 14 9 19 16 21 68
19 46 65 6 11 56 1 28 4 3 15 17 12 10 14 8 9 19 16 21 68
20 46 65 6 11 56 1 28 4 3 15 17 12 10 14 8 9 19 16 21 68
21 46 65 6 11 56 1 28 3 4 15 17 12 10 14 8 9 19 16 21 68
22 46 65 6 11 56 28 1 3 4 15 17 12 10 14 8 9 19 16 21 68
23 46 65 6 11 56 28 1 3 4 15 17 12 10 14 8 9 19 16 21 68
24 46 65 6 11 56 28 1 3 4 15 17 12 10 14 8 9 19 16 21 68
25 46 65 11 6 56 28 1 3 4 15 17 12 10 14 8 19 9 16 21 68
26 46 65 11 6 56 28 1 3 4 15 17 12 10 14 8 19 9 16 21 68
27 46 65 11 56 6 28 1 3 4 15 17 12 10 14 8 19 9 16 21 68
28 46 65 11 56 6 28 1 3 4 15 17 12 10 14 8 19 9
L
a
p
s
Lapped riderWinner
Welkom, Sunday, April 22, 2001
MotoGP MotoGP MotoGP MotoGP MotoGP MotoGP MotoGP MotoGP MotoGP MotoGP MotoGP MotoGP MotoGP MotoGP MotoGP MotoGP MotoGP MotoGP MotoGP MotoGP MotoGP MotoGP MotoGP MotoGP MotoGP MotoGP MotoGP MotoGP MotoGP MotoGP MotoGP MotoGP MotoGP MotoGP MotoGP MotoGP MotoGP MotoGP MotoGP Moto
Official information of MotoGP
www.motograndprix.com
