Lap Chart
GAULOISES AFRICA'S GRAND PRIX
Computerised results and timing service
4242m
Phakisa Freeway
125cc
22
Race
Pos
Grid 41
1
5
2
54
3
9
4
29
5
24
6
23
7
8
8
4
9
20
10
21
11
22
12
7
13
15
14
26
15
11
16
6
17
17
18
10
19
39
20
31
21
16
22
19
23
18
24
28
25
27
26
25
27
34
28
14
29
12
30
58
31
1 41 24 54 5 20 22 29 4 23 8 21 11 9 7 26 6 19 28 31 15 25 27 17 14 10 34 12 39
2 41 24 54 5 20 4 29 22 23 21 8 11 9 7 6 26 19 15 17 25 28 31 27 14 34 39 10 12
3 41 24 54 20 29 5 4 22 23 21 11 9 8 7 6 26 17 19 15 25 31 28 27 14 34 39 10 12
4 41 24 54 20 29 5 4 22 23 21 11 9 8 6 7 17 26 15 19 25 31 28 27 39 14 34 10 12
5 41 54 24 20 29 4 5 23 22 21 11 9 8 17 6 7 15 26 25 19 31 28 27 39 14 34 10 12
6 41 54 24 29 20 4 5 11 22 21 23 8 17 15 6 9 7 26 25 19 31 28 27 39 14 34 10 12
7 41 54 29 24 20 4 5 11 21 22 23 8 17 15 6 26 7 25 19 31 28 27 39 14 34 10 9 12
8 41 54 29 24 20 5 11 21 23 22 17 8 15 26 6 7 25 19 31 4 28 39 27 34 14 9 10 12
9 41 54 29 11 5 24 20 21 23 22 17 15 8 26 7 6 25 19 4 28 39 27 34 14 9 10 12
10 41 54 29 11 5 24 23 21 22 17 15 26 7 8 25 6 19 4 39 28 27 34 14 9 10 12
11 41 54 29 5 11 23 21 24 17 22 15 26 7 25 6 8 19 4 39 27 28 34 14 9 10 12
12 41 54 29 5 11 23 21 24 17 15 22 26 7 6 25 8 19 4 39 28 34 14 9 10 12
13 41 54 29 11 23 21 5 24 17 15 22 7 6 26 19 25 8 4 39 28 34 14 9 10 12
14 41 54 29 23 11 21 5 17 15 24 22 7 6 26 19 25 8 4 39 34 28 9 10 12
15 41 54 29 23 11 21 5 17 15 24 22 6 7 26 25 19 8 4 39 34 28 9 10 12
16 41 54 29 23 11 21 5 17 15 22 24 6 7 26 25 19 4 8 39 34 28 9 10 12
17 41 54 29 23 5 11 21 17 15 22 24 6 4 7 26 25 8 19 39 34 28 9 10 12
18 41 54 29 23 5 11 21 17 15 22 24 4 7 6 26 25 8 19 39 34 28 9 10 12
19 41 54 29 23 5 11 21 17 15 22 24 4 7 6 26 8 25 19 39 34 9 28 10 12
20 41 54 23 5 29 11 21 17 15 22 4 7 6 24 26 8 25 19 34 39 9 28 10 12
21 41 54 23 5 29 11 21 17 15 22 4 6 7 26 24 8 25 19 34 9 39 28 10 12
22 41 54 23 5 29 11 21 17 15 4 22 6 7 26 8 24 25 19 9 34 39 28 10 12
23 41 54 23 5 29 11 21 17 15 4 7 6 22 26 8 25 24 19 9 34 28 39 10 12
24 41 54 5 23 29 21 11 17 15 4 7 6 26 8 22 25 19 24 9 34 28 39
L
a
p
s
Lapped riderWinner
Welkom, Sunday, April 22, 2001
MotoGP MotoGP MotoGP MotoGP MotoGP MotoGP MotoGP MotoGP MotoGP MotoGP MotoGP MotoGP MotoGP MotoGP MotoGP MotoGP MotoGP MotoGP MotoGP MotoGP MotoGP MotoGP MotoGP MotoGP MotoGP MotoGP MotoGP MotoGP MotoGP MotoGP MotoGP MotoGP MotoGP MotoGP MotoGP MotoGP MotoGP MotoGP MotoGP Moto
Official information of MotoGP
www.motograndprix.com
