Lap Chart
GAULOISES AFRICA'S GRAND PRIX
Computerised results and timing service
4242m
Phakisa Freeway
250cc
22
Race
Pos
Grid 74
1
31
2
5
3
15
4
10
5
37
6
21
7
9
8
20
9
6
10
99
11
44
12
8
13
81
14
50
15
42
16
12
17
7
18
18
19
22
20
19
21
57
22
66
23
23
24
55
25
51
26
26
27
98
28
45
29
11
30
1 5 74 31 15 9 99 10 21 20 8 37 18 81 44 42 6 19 22 66 12 50 7 45 57 55 23 51 11 26 98
2 5 74 31 15 9 99 10 21 20 8 37 18 44 42 81 6 66 22 12 19 50 7 57 55 45 23 51 26 98 11
3 74 5 31 15 9 99 10 21 8 37 18 20 44 42 81 6 66 50 12 22 19 7 57 55 45 23 51 26 98
4 74 31 5 15 9 99 10 21 8 37 18 44 42 20 81 6 66 50 12 22 7 57 19 55 45 51 26 23 98
5 74 31 5 15 9 99 10 8 21 37 18 44 42 20 81 6 66 50 12 7 22 57 19 55 45 26 51 23 98
6 74 31 5 15 9 99 10 8 21 37 18 44 42 20 81 6 66 50 12 7 22 57 19 55 45 23 26 51 98
7 74 31 5 15 99 9 10 8 21 18 44 42 20 81 6 66 50 12 7 57 22 19 55 45 23 26 51 98
8 74 5 31 15 99 9 10 8 21 44 18 42 20 81 6 66 50 12 7 57 22 19 55 45 23 26 51 98
9 74 5 31 15 99 9 10 8 44 18 21 42 20 6 66 81 50 12 7 57 22 19 55 23 26 98 51 45
10 74 5 31 15 99 9 10 8 44 18 21 42 20 6 66 81 50 12 7 57 22 19 55 23 98 51 26
11 74 5 31 15 99 9 10 8 44 18 21 42 6 66 81 50 20 12 7 57 22 19 55 23 98 51 26
12 74 5 31 15 99 10 9 8 44 18 21 42 6 66 81 50 20 12 7 57 19 22 55 23 98 51 26
13 74 5 31 15 99 9 8 10 44 18 21 42 6 66 81 50 12 20 57 19 7 55 23 51 98
14 74 5 31 15 99 9 8 10 44 18 21 42 6 66 81 50 12 20 57 19 7 55 23 51 98
15 74 5 31 15 99 9 8 10 44 18 42 6 81 66 12 50 20 21 57 19 7 55 23 51 98
16 74 5 31 15 99 9 8 10 44 18 6 42 81 66 12 50 20 21 57 19 7 55 51 23 98
17 74 5 31 15 99 9 8 10 44 18 6 81 42 66 50 12 20 21 57 19 7 55 51 23 98
18 74 5 31 15 99 9 8 10 44 18 6 81 42 66 50 12 20 21 57 7 19 55 23 51 98
19 74 5 31 15 99 9 8 10 44 18 6 81 66 42 50 12 20 21 57 7 19 55 51 23 98
20 74 5 31 15 99 9 8 10 44 18 6 81 66 50 42 12 20 21 57 7 19 55 51 23 98
21 74 5 31 15 99 9 10 44 8 18 6 81 66 50 12 42 20 21 7 57 19 55 51 23 98
22 74 5 31 15 10 99 9 8 44 18 6 66 50 12 81 42 20 21 7 57 19 55 51 23 98
23 74 5 31 15 10 99 9 8 44 6 18 66 50 12 81 42 20 21 7 57 19 55 23 51 98
24 74 5 31 15 10 99 9 8 44 6 66 18 50 12 42 81 20 21 7 57 19 55 23 51 98
25 74 5 31 15 10 99 9 44 8 66 6 18 50 42 12 20 7 57 19 21 23 55 51 98
26 74 5 31 15 10 99 9 44 8 66 18 50 42 12 6 20 57 19 7 21
L
a
p
s
Lapped riderWinner
Welkom, Sunday, April 22, 2001
MotoGP MotoGP MotoGP MotoGP MotoGP MotoGP MotoGP MotoGP MotoGP MotoGP MotoGP MotoGP MotoGP MotoGP MotoGP MotoGP MotoGP MotoGP MotoGP MotoGP MotoGP MotoGP MotoGP MotoGP MotoGP MotoGP MotoGP MotoGP MotoGP MotoGP MotoGP MotoGP MotoGP MotoGP MotoGP MotoGP MotoGP MotoGP MotoGP Moto
Official information of MotoGP
www.motograndprix.com
