Lap Chart
CINZANO MOTORRAD GP DEUTSCHLAND
Computerised results and timing service
3671m
Sachsenring
125cc
22
Race
Pos
Grid 7
1
15
2
80
3
4
4
27
5
34
6
3
7
23
8
17
9
24
10
6
11
36
12
22
13
41
14
12
15
42
16
79
17
32
18
48
19
58
20
88
21
10
22
19
23
1
24
11
25
31
26
25
27
53
28
26
29
90
30
91
31
63
32
8
33
33
34
52
35
54
36
21
37
78
38
1 80 15 4 27 34 7 3 42 24 36 6 79 23 17 22 58 12 41 1 32 8 63 19 90 88 54 91 10 26 21 33 52 25 78 31 53 48
2 80 7 15 27 3 4 34 42 36 6 79 23 24 17 22 41 58 12 1 8 32 63 19 88 10 90 91 54 26 33 21 52 31 78 53 48 25
3 7 80 27 15 3 4 34 42 79 23 6 24 17 22 41 58 36 12 1 8 32 19 88 10 91 90 33 26 54 21 31 52 78 53 48
4 80 15 7 27 3 4 34 42 79 17 24 41 6 22 58 23 12 36 8 32 1 19 88 10 90 91 33 54 31 21 26 53 52 78 48
5 7 27 3 15 4 34 42 79 17 41 24 80 6 22 58 12 36 23 32 8 19 1 88 10 90 91 33 31 21 54 53 26 52 78 48
6 7 15 27 3 4 34 42 79 41 24 17 22 6 58 36 12 32 8 23 19 1 88 10 90 91 33 31 21 54 53 80 52 26 78 48
7 7 15 3 27 4 34 79 42 41 24 17 22 6 58 36 12 19 32 8 23 1 88 10 90 91 33 31 80 21 54 53 78 52 26 48
8 7 15 3 27 4 34 41 42 79 24 17 22 6 58 36 12 19 32 8 23 1 88 10 90 91 33 31 80 54 21 78 52 48
9 7 15 27 3 4 34 41 42 79 24 22 17 6 58 36 12 19 32 8 23 1 88 10 90 91 80 31 33 54 21 78 52 48
10 15 27 7 3 4 34 41 22 24 79 42 17 6 58 12 36 19 32 8 23 88 10 90 91 80 31 33 21 54 78 52 48
11 27 15 7 3 34 4 41 22 24 79 17 42 6 58 12 36 19 8 32 23 88 10 80 90 91 31 33 54 21 78 52 48
12 27 15 7 3 34 4 41 22 24 79 17 58 42 6 12 36 19 8 32 23 88 80 10 90 91 31 54 21 78 52 48
13 27 15 7 3 34 41 4 22 79 24 17 58 42 6 36 19 12 8 23 32 88 80 10 90 31 54 21 78 48 52
14 27 15 7 3 41 34 4 22 79 24 17 58 42 6 36 12 19 8 23 32 80 88 10 90 31 54 21 78 48 52
15 27 15 7 3 41 34 4 22 79 24 17 58 6 42 19 36 12 23 32 80 88 10 90 31 54 21 78 48
16 27 15 7 3 34 41 4 22 79 17 24 58 6 42 36 12 19 80 32 23 88 10 90 31 54 21 78 48
17 27 15 3 7 34 41 22 4 79 17 24 58 6 42 36 12 19 80 32 23 88 90 10 31 78 48 54 21
18 27 3 15 7 34 22 41 4 79 58 24 6 42 36 12 19 80 32 23 88 90 10 31 48 78 54 21
19 27 7 15 3 22 4 34 79 41 24 58 6 42 36 12 19 80 32 23 88 90 10 31 48 78 21
20 27 7 15 3 22 4 34 79 41 58 24 6 42 36 12 19 80 32 23 88 90 10 31 48 78 21
21 27 7 15 3 22 4 34 41 79 58 24 42 6 36 12 19 80 32 23 88 90 10 31 48 78 21
22 27 15 7 3 22 41 4 34 79 24 58 6 42 36 12 19 80 32 88 23 90 10 31 48 78 21
23 27 7 15 3 22 4 34 79 41 24 58 6 42 36 12 19 80 32 88 23 90 10 31 48 78 21
24 27 7 15 3 22 4 34 79 24 58 6 36 42 12 19 80 32 88 23 90 10 31 48 78 21
25 7 27 15 3 22 4 34 79 24 58 6 36 19 12 42 80 32 23 88 90 10 31 48 78 21
26 7 27 15 3 22 79 4 24 34 58 6 36 42 80 32 23 88 90 10 31 48 78 21
27 7 27 15 3 22 79 34 4 24 36 6 58 42 80 32 88 23 10 90 31 48 78
L
a
p
s
Lapped riderWinner
Sachsenring, Sunday, July 27, 2003
These data/results cannot be reproduced, stored and/or transmitted in whole or in part by any manner of electronic, mechanical, photocopying, recording, broadcasting or otherwise now known or
herein after developed without the previous express consent by the copyright owner, except for reproduction in daily press and regular printed publications on sale to the public within 60 days of the event
related to those data/results and always provided that copyright symbol appears together as follows below.
© DORNA, 2003
Official information of MotoGP
www.motograndprix.com
