GP CINZANO DI SAN MARINO E RIVIERA DI RIMINI
Computerised results and timing service provided by
4226 m.
Misano
125cc
Race
Lap Chart 22
TISSOT
Pos
Grid 1
1
38
2
44
3
45
4
24
5
63
6
11
7
93
8
18
9
6
10
17
11
33
12
29
13
77
14
35
15
47
16
51
17
7
18
12
19
99
20
60
21
71
22
40
23
16
24
73
25
8
26
21
27
94
28
5
29
49
30
43
31
72
32
69
33
22
34
26
35
42
36
34
37
48
38
56
39
1 1 38 18 44 93 24 17 45 77 11 63 29 12 7 60 6 51 33 71 94 8 16 35 21 73 40 72 48 56 99 42 43 69 22 5 49 34
2 1 38 18 24 44 93 17 63 29 77 11 12 7 6 60 51 33 71 8 16 94 35 21 40 73 72 99 48 43 56 42 22 69 5 49 34
3 1 38 18 24 44 17 63 93 29 11 77 12 6 7 60 33 94 8 16 71 21 40 73 35 72 99 43 48 56 69 42 5 22 49 51 34
4 1 38 18 17 24 63 44 93 29 11 6 77 12 7 33 60 8 94 16 40 21 71 73 35 72 99 43 48 69 56 42 5 49 22 34
5 1 38 18 17 63 24 44 29 93 6 11 12 77 7 33 60 94 16 8 40 71 73 21 99 35 72 43 48 69 56 42 5 49 34
6 1 38 17 18 24 63 29 44 93 6 11 12 77 7 33 60 94 16 8 71 99 40 73 21 35 72 43 48 69 56 42 5 49 34
7 1 38 17 24 63 18 29 44 93 6 11 12 77 7 33 60 16 94 8 99 71 40 73 21 72 35 43 48 69 56 42 34
8 1 38 17 24 29 18 63 44 93 6 11 12 77 7 33 60 16 99 8 73 71 94 40 21 72 35 43 48 69 56 42 34
9 1 38 17 63 24 29 18 93 44 6 11 12 77 7 33 60 99 8 16 71 21 73 94 72 40 35 43 48 69 56 42 34
10 1 38 17 63 24 18 29 93 6 44 11 12 77 7 33 60 99 8 16 71 94 21 40 73 72 43 48 35 69 56 42 34
11 1 38 63 24 17 18 93 29 6 44 11 12 77 33 7 60 99 8 71 94 16 40 73 72 21 43 48 69 56 42 34
12 38 1 24 63 17 6 93 18 29 11 12 77 44 33 7 60 99 8 16 40 94 71 72 73 21 43 48 69 56 42 34
13 38 1 63 24 6 17 93 18 29 11 12 77 33 7 60 99 8 16 94 72 73 71 21 43 48 69 56 42 34
14 38 1 63 24 6 17 93 18 29 11 12 77 7 33 60 99 8 94 16 72 73 71 21 43 48 69 56 42 34
15 1 38 24 6 18 93 29 11 12 77 7 33 60 99 94 16 72 73 71 21 43 48 69 56 42 34
16 1 38 6 24 18 93 29 12 11 77 7 33 60 99 94 16 72 73 71 21 43 48 69 56 42 34
17 1 38 6 24 18 93 12 29 77 11 33 7 60 99 94 16 72 73 71 21 43 48 69 56 42 34
18 1 38 6 24 18 93 12 29 77 11 33 7 60 99 94 16 72 73 71 21 43 48 69 56 42 34
19 1 38 6 24 18 93 12 29 11 77 33 7 60 99 94 16 72 73 71 21 43 48 69 56 42 34
20 1 38 6 24 18 93 12 29 11 77 7 33 60 99 94 16 72 73 71 21 43 48 69 56 42 34
21 1 38 6 24 18 93 29 12 11 77 7 33 60 99 94 16 72 71 73 21 43 48 69 56 42 34
22 1 38 6 24 18 93 29 11 12 77 33 7 60 99 94 16 72 71 73 21 43 48 69 56 42
23 1 38 24 93 18 29 11 77 12 33 7 6 60 99 94 16 72 71 73 21 43 48 69 56
L
a
p
s
Lapped riderWinner
Misano Adriatico, Sunday, August 31, 2008
These data/results cannot be reproduced, stored and/or transmitted in whole or in part by any manner of electronic, mechanical, photocopying, recording, broadcasting or otherwise now
known or herein after developed without the previous express consent by the copyright owner, except for reproduction in daily press and regular printed publications on sale to the public
within 60 days of the event related to those data/results and always provided that copyright symbol appears together as follows below.
© DORNA, 2008
Official MotoGP Timing by
www.motogp.com
TISSOT
