Lap Chart
CINZANO BRITISH GRAND PRIX
Computerised results and timing service
4023m
Donington Park
125cc
22
Race
Pos
Grid 1
1
4
2
26
3
41
4
23
5
25
6
15
7
50
8
36
9
5
10
16
11
75
12
34
13
17
14
22
15
21
16
47
17
7
18
8
19
66
20
48
21
6
22
84
23
57
24
33
25
80
26
11
27
20
28
19
29
31
30
24
31
69
32
28
33
70
34
90
35
1 41 26 1 4 5 25 15 17 23 66 47 50 36 21 16 8 34 80 48 7 6 84 57 33 19 20 31 69 75 70 28 90 24
2 26 41 1 4 5 25 15 17 23 21 34 66 36 47 8 50 80 16 7 48 84 6 33 57 19 75 31 20 69 70 90 28 24
3 26 41 1 4 5 25 15 17 23 21 34 66 36 80 8 50 16 47 7 48 6 57 19 75 31 20 69 70 28 90 33 24
4 26 1 41 4 5 25 15 17 23 21 34 66 36 16 7 48 50 57 6 75 19 31 20 69 28 70 90 33 24
5 26 1 4 5 41 25 15 17 23 21 66 36 34 16 7 50 48 57 75 19 6 31 20 28 69 70 90 33 24
6 26 4 1 5 41 15 25 23 21 17 36 34 66 16 7 50 48 75 57 19 6 31 20 28 69 70 90 33 24
7 26 4 1 5 15 41 21 25 23 17 36 34 66 16 7 50 48 75 19 57 6 20 28 69 70 90 31 33 24
8 26 4 1 5 15 21 41 25 17 36 34 66 50 7 16 75 48 19 57 6 20 28 70 69 90 33 31 24
9 4 26 1 5 21 15 25 17 41 36 34 66 50 7 16 75 48 19 6 57 20 28 69 70 90 33 31 24
10 4 26 1 5 21 15 25 17 41 36 34 66 50 7 75 16 48 19 57 6 20 28 69 70 90 33 31 24
11 4 26 1 21 5 15 25 17 41 36 34 66 50 7 75 16 48 57 19 6 20 28 70 69 90 33 31 24
12 4 26 1 21 5 25 15 17 41 36 34 66 50 7 75 48 16 57 6 19 20 28 69 70 90 33 31 24
13 4 26 1 21 5 25 15 17 41 36 34 66 50 7 75 48 16 57 6 19 20 28 69 70 90 33 31 24
14 4 26 1 21 5 25 15 17 41 36 34 66 50 7 75 48 16 57 6 19 20 28 69 70 90 33 31 24
15 4 26 1 21 5 25 15 17 41 36 34 66 50 7 75 48 57 6 16 19 20 28 69 70 90 33 31 24
16 4 26 1 21 5 15 25 17 41 36 34 66 50 7 75 48 57 6 16 19 20 28 70 69 31 33 24
17 4 26 1 21 5 15 17 25 41 36 34 66 50 7 75 48 57 6 16 19 28 20 70 69 31 24
18 4 26 1 21 5 17 15 25 41 36 34 66 50 7 75 48 57 6 16 19 28 20 70 69 31 24
19 4 26 1 21 5 17 15 25 41 34 66 50 7 75 48 57 6 16 19 28 20 69 70 31 24
20 4 26 1 21 5 17 15 25 41 34 66 50 7 75 48 57 6 16 19 28 20 69 70 31 24
21 4 26 21 1 5 17 15 25 41 66 34 50 7 75 48 57 6 16 19 28 20 70 69 31 24
22 26 4 21 1 5 17 15 25 41 66 34 50 7 75 48 57 6 16 19 28 20 70 69 31 24
23 21 4 1 26 5 17 15 25 41 34 66 50 7 75 48 57 6 16 19 28 20 69 70 31 24
24 21 26 1 5 17 25 15 41 66 34 50 7 75 48 57 6 16 19 28 20 69 70 31 24
25 21 26 1 5 17 25 15 41 66 34 7 50 48 75 6 57 16 19 28 20 69 70 31 24
26 21 26 1 5 17 25 15 41 34 66 7 50 48 75 6 57 16 19 28 20
L
a
p
s
Lapped riderWinner
Donington, Sunday, July 14, 2002
These data/results can not be reproduced, stored and/or transmitted in whole or in part by any manner of electronic, mechanical, photocopying, recording, broadcasting or otherwise now known or herein
after developed without the previous express consent by the copyright owner, except for reproduction in daily press and regular printed publications on sale to the public within 60 days of the event related to
those data/results and always provided that copyright symbol appears together as follows below.
© DORNA, 2002
Official information of MotoGP
www.motograndprix.com
