Lap Chart
GRAN PREMI MARLBORO DE CATALUNYA
Computerised results and timing service
4727m
Circuit de Catalunya
125cc
22
Race
Pos
Grid 22
1
34
2
4
3
80
4
15
5
3
6
41
7
17
8
7
9
27
10
48
11
79
12
42
13
12
14
63
15
24
16
1
17
23
18
36
19
6
20
32
21
58
22
10
23
8
24
26
25
50
26
70
27
31
28
19
29
25
30
69
31
21
32
11
33
14
34
82
35
1 34 80 4 41 3 17 15 22 27 7 79 12 1 24 42 48 36 23 6 58 8 32 50 26 69 10 11 63 31 14 25 70 82 19 78
2 34 4 80 3 17 41 15 22 27 7 79 12 1 24 42 48 23 6 36 58 8 26 32 50 10 69 11 63 25 70 31 14 82 19 78
3 4 34 80 17 3 15 41 27 22 7 79 12 24 42 1 23 6 36 58 48 8 10 26 50 32 11 63 69 70 25 31 19 82 14 78
4 4 34 17 3 80 15 27 22 41 7 79 12 23 24 42 6 36 1 58 8 48 10 32 26 63 50 11 69 70 25 31 19 14 78 82
5 4 34 17 3 15 27 80 22 7 41 12 79 23 6 42 36 24 1 58 8 48 10 63 32 69 50 11 26 70 25 31 19 14 21 78
6 4 17 34 27 3 15 22 80 12 7 41 79 23 42 6 36 24 48 8 1 58 10 63 32 69 50 26 11 70 25 31 19 21 14 82
7 27 34 4 15 17 3 22 80 12 41 7 79 23 42 6 36 8 48 24 1 10 58 63 32 69 50 70 26 11 25 31 19 21 82 78
8 4 34 15 17 27 3 22 80 12 41 7 79 23 42 6 36 48 10 1 58 24 63 32 69 70 50 25 11 26 8 31 19 21 82 78
9 15 4 34 17 27 3 22 80 12 41 7 79 23 42 6 36 48 10 1 58 24 63 32 70 69 50 25 11 8 26 31 19 21 82 78
10 4 15 34 3 22 12 80 17 41 7 79 23 42 6 36 10 48 58 24 1 63 32 70 69 50 25 8 11 31 19 26 21 82 78
11 4 15 3 34 22 12 80 17 7 79 23 42 6 36 10 48 24 58 1 63 32 70 8 69 50 25 11 31 19 21 82 78 41
12 3 15 22 34 12 80 17 4 7 79 23 42 6 36 10 48 58 24 1 63 8 32 70 50 69 25 11 31 19 21 78 82
13 15 22 12 3 34 80 17 7 23 79 42 6 36 10 48 1 24 58 63 8 32 70 50 69 25 11 31 19 4 21 78 82
14 12 34 15 22 3 80 17 7 23 79 36 42 6 10 48 24 1 58 63 8 32 50 70 25 69 11 31 19 21 78 82
15 34 15 12 80 22 3 17 7 23 79 36 10 42 6 48 63 24 1 58 8 50 32 70 25 11 31 19 78 21 82
16 15 12 3 17 22 7 23 79 10 36 48 42 6 63 58 24 1 8 50 32 70 25 11 31 78 21 82 19
17 15 12 3 17 22 7 23 79 36 10 48 42 6 63 58 24 1 8 50 32 70 25 11 31 78 21 82 19
18 15 12 3 22 17 7 23 79 10 48 36 42 6 63 58 24 1 8 50 70 32 25 11 31 78 21 82
19 15 3 12 22 17 7 23 79 48 10 36 42 6 63 58 24 1 70 8 50 32 25 11 31 78 82 21
20 3 15 22 12 17 7 23 79 48 36 10 42 6 63 58 24 1 8 50 70 32 25 11 31 82 78 21
21 3 12 15 17 7 48 23 79 36 10 42 6 63 24 1 58 22 8 50 70 32 25 11 31 78 82 21
22 3 12 15 17 7 48 36 23 79 10 42 6 63 1 24 58 22 50 32 25 11 8 70 31 82 78 21
L
a
p
s
Lapped riderWinner
Barcelona, Sunday, June 15, 2003
These data/results can not be reproduced, stored and/or transmitted in whole or in part by any manner of electronic, mechanical, photocopying, recording, broadcasting or otherwise now known or herein
after developed without the previous express consent by the copyright owner, except for reproduction in daily press and regular printed publications on sale to the public within 60 days of the event related to
those data/results and always provided that copyright symbol appears together as follows below.
© DORNA, 2003
Official information of MotoGP
www.motograndprix.com
