Lap Chart
GAULOISES DUTCH TT
Computerised results and timing service
6049m
Assen
250cc
22
Race
Pos
Grid 31
1
74
2
5
3
99
4
44
5
81
6
8
7
9
8
15
9
18
10
6
11
66
12
50
13
37
14
57
15
12
16
7
17
42
18
22
19
10
20
20
21
21
22
16
23
11
24
62
25
36
26
55
27
98
28
23
29
61
30
63
31
60
32
45
33
1 99 5 74 8 9 42 44 22 18 6 37 81 7 31 66 12 15 16 50 21 57 55 11 62 20 60 98 63 36 61 23 45
2 99 5 22 74 44 8 7 37 9 81 6 66 31 12 18 15 16 50 21 55 57 11 20 62 98 36 60 63 61 45 23
3 99 5 22 7 44 74 37 81 9 6 8 66 12 31 21 55 50 18 16 57 11 15 20 98 62 36 45 60 63 61 23
4 99 5 22 7 44 37 74 81 6 9 66 21 55 50 8 16 31 12 18 57 11 20 98 36 45 60 62 63 61 23 15
5 99 7 22 5 37 44 74 21 81 55 50 6 66 9 16 31 8 12 18 57 11 20 98 45 60 61 63 62 23 36 15
6 99 7 22 5 37 50 21 55 74 81 16 66 9 6 31 8 20 11 57 12 18 98 44 60 61 63 62 23 36 15
7 99 7 22 5 37 50 21 55 74 16 81 66 6 9 20 11 31 57 12 98 8 61 60 63 62 23 36 15 18
8 99 7 22 5 50 37 21 55 74 16 81 66 6 9 20 11 57 12 98 61 60 63 62 36 23 15 8 31 18
9 99 7 22 5 50 37 21 55 74 16 66 81 20 6 11 9 57 98 12 61 60 63 36 23 15 8 31 18
10 99 7 22 5 50 21 55 37 16 74 20 11 66 6 81 9 98 57 12 61 60 63 36 15 23 8 31 18
11 99 7 22 50 5 21 55 37 16 74 20 11 66 81 6 9 98 57 12 61 60 63 36 15 8 23 31 18
12 99 7 22 50 5 21 55 37 16 20 11 74 66 81 9 98 57 61 12 60 63 36 15 6 8 23 31 18
13 99 7 22 50 21 5 37 16 11 20 74 66 81 9 98 61 57 12 60 63 15 36 6 8 31 23 18
14 99 7 22 50 21 5 37 16 11 20 74 66 81 9 98 61 57 12 60 15 63 36 8 6 31 23 18
15 99 7 22 50 21 5 37 11 20 16 74 66 81 9 61 98 57 12 15 60 63 36 8 6 31 23 18
16 99 7 22 50 21 5 37 11 20 16 74 66 81 9 61 57 12 15 8 60 36 63 6 31 23
17 99 7 22 50 21 5 37 11 20 16 74 66 81 9 61 57 15 12 8 6 60 36 63 31
18 99 7 22 50 21 5 37 11 20 16 74
L
a
p
s
Lapped riderWinner
Assen, Saturday, June 30, 2001
These data/results can not be reproduced, stored and/or transmitted in whole or in part by any manner of electronic, mechanical, photocopying, recording, broadcasting or otherwise now
known or herein after developed without the previous express consent by the copyright owner, except for reproduction in daily press and regular printed publications on sale to the public
within 60 days of the event related to those data/results and always provided that copyright symbol appears together as follows below.
© DORNA, 2001
Official information of MotoGP
www.motograndprix.com
