COMMERCIALBANK GRAND PRIX OF QATAR
Computerised results and timing service provided by
5380 m.
Losail Circuit
Moto2
Race
Lap Chart 19
TISSOT
Pos
Grid 12
1
93
2
29
3
40
4
63
5
76
6
80
7
71
8
30
9
3
10
60
11
38
12
45
13
36
14
15
15
77
16
24
17
19
18
5
19
44
20
4
21
47
22
88
23
49
24
72
25
18
26
8
27
14
28
95
29
7
30
10
31
82
32
96
33
1 12 40 93 29 80 63 3 76 38 24 15 30 45 36 60 5 77 71 8 72 4 14 47 49 19 88 18 95 82 7 96 10 44
2 40 93 29 12 80 63 3 38 24 45 15 76 30 36 60 5 71 77 72 4 8 47 19 14 88 49 95 82 7 96 18 10 44
3 40 93 29 80 3 63 12 38 45 15 24 76 36 60 30 5 71 77 4 19 72 14 8 47 88 49 95 18 82 10 96 7 44
4 40 93 29 80 3 63 12 38 45 15 24 36 76 60 30 5 71 4 77 19 72 47 14 8 49 88 18 95 82 10 7 96
5 40 93 29 80 3 12 63 38 45 15 36 76 24 60 30 5 4 71 77 19 72 47 14 8 49 88 18 95 82 10 7 96
6 40 93 29 80 3 12 63 38 45 15 36 76 24 60 30 5 4 71 77 19 72 47 14 8 49 18 88 95 82 10 7 96
7 29 93 40 3 80 12 63 45 38 15 36 76 60 24 30 5 4 71 19 77 72 47 14 49 8 18 88 95 82 10 7 96
8 29 93 3 40 80 12 63 45 38 15 36 76 60 24 5 30 4 71 19 77 72 47 14 49 8 18 88 95 82 10 7 96
9 29 93 40 80 12 3 63 45 38 15 36 76 60 24 5 30 4 71 19 77 72 47 14 49 8 18 88 95 10 82 7 96
10 93 29 40 80 12 3 63 45 38 15 36 76 60 24 5 4 30 71 19 77 72 47 14 49 18 8 88 95 7 10 82 96
11 93 40 80 29 12 3 63 45 15 38 36 76 24 60 5 4 30 19 77 71 72 47 14 49 18 88 8 95 7 10 82
12 40 80 12 93 29 3 63 45 15 38 36 76 24 60 4 5 30 19 77 71 72 47 49 14 18 88 8 95 7 10 82
13 40 80 12 29 93 3 63 45 15 38 36 24 60 4 5 30 19 77 71 72 47 49 14 18 88 8 95 10 7 82 76
14 40 12 93 29 80 3 63 45 15 38 36 24 4 5 60 30 19 77 71 72 47 49 14 18 88 8 95 10 7 82 76
15 12 40 93 29 80 3 63 45 38 15 36 4 24 5 60 30 19 71 77 72 47 49 14 18 88 8 95 10 7 82 76
16 12 93 29 40 80 63 3 45 38 15 36 4 5 24 60 30 19 71 77 72 47 49 14 18 88 8 95 10 7 82 76
17 12 93 29 40 80 45 63 3 38 15 36 4 5 24 60 30 19 71 77 72 47 49 14 18 88 95 8 10 7 82 76
18 12 93 29 40 80 45 63 3 38 15 36 4 5 60 24 30 19 71 77 72 47 49 14 18 88 95 8 10 7 82 76
19 12 93 29 40 80 45 63 3 38 36 4 5 60 24 30 19 71 77 72 47 49 14 18 88 95 8 7 10 82 76
20 93 29 40 80 12 45 63 3 38 36 4 5 24 30 60 71 19 77 72 47 14 49 18 88 95 8 10 7 82
L
a
p
s
Lapped riderWinner
Doha, Sunday, April 08, 2012
These data/results cannot be reproduced, stored and/or transmitted in whole or in part by any manner of electronic, mechanical, photocopying, recording, broadcasting or otherwise now
known or herein after developed without the previous express consent by the copyright owner, except for reproduction in daily press and regular printed publications on sale to the public
within 60 days of the event related to those data/results and always provided that copyright symbol appears together as follows below.
© DORNA, 2012
Official MotoGP Timing by
www.motogp.com
TISSOT
