Lap Chart
CINZANO MOTORRAD GP DEUTSCHLAND
Computerised results and timing service
3704m
Sachsenring
250cc
22
Race
Pos
Grid 31
1
5
2
74
3
99
4
10
5
9
6
44
7
81
8
7
9
6
10
15
11
66
12
8
13
21
14
42
15
22
16
18
17
37
18
12
19
57
20
50
21
16
22
20
23
11
24
75
25
25
26
55
27
76
28
23
29
36
30
45
31
78
32
98
33
77
34
1 74 5 31 99 10 7 81 22 8 44 9 6 42 18 66 16 21 12 15 57 37 20 75 45 55 50 78 36 76 11 23 77 98
2 31 5 99 74 7 10 81 44 8 9 22 6 18 42 21 16 66 12 57 20 75 55 50 45 11 78 36 76 23 77 98
3 31 5 99 74 7 10 81 44 8 6 18 42 21 66 16 57 12 20 50 75 45 11 55 78 36 76 23 98 77
4 31 5 99 74 7 10 81 44 8 6 18 21 42 66 57 12 16 20 50 75 55 45 11 78 36 23 76 98 77
5 31 5 99 74 7 10 81 44 8 6 21 18 42 66 57 12 16 20 50 75 55 11 45 78 36 23 76 98 77
6 31 5 99 74 7 10 44 81 8 6 21 18 66 57 12 20 50 16 75 55 11 45 78 36 23 76 98 77
7 31 99 5 74 7 10 44 81 8 6 21 18 66 57 12 20 50 16 11 75 55 45 78 36 76 23 98
8 31 5 74 10 44 81 6 8 21 18 66 12 57 50 20 16 11 55 75 45 78 76 36 23 98
9 31 5 74 10 44 81 6 21 8 18 66 12 57 50 20 16 11 75 45 78 76 36 23 98
10 31 5 74 10 44 81 6 21 8 18 66 12 57 50 20 16 11 75 45 76 78 36 23 98
11 31 5 74 10 44 81 6 21 8 18 66 12 57 50 20 16 11 75 45 76 78 36 23 98
12 31 5 74 44 10 81 6 21 8 18 66 12 57 50 20 16 11 75 76 23 78 36 98
13 31 5 74 44 81 10 6 21 8 18 66 12 57 50 20 16 11 75 76 78 36 98 23
14 5 31 74 44 81 10 6 21 8 18 66 12 57 50 20 11 16 75 76 78 98 36
15 5 31 74 44 81 10 6 21 8 18 66 12 57 50 20 11 16 75 76 78 98 36
16 31 5 74 44 81 10 6 21 8 18 66 12 57 50 20 11 16 75 76 98 78 36
17 31 5 74 44 81 10 6 21 8 66 18 12 57 50 20 11 16 75 76 98 78 36
18 5 31 74 44 81 10 6 21 8 66 18 12 57 50 20 11 16 75 76 98 36 78
19 5 31 74 44 81 10 6 21 8 66 18 12 57 50 20 11 16 75 76 98 78 36
20 5 31 74 44 81 10 6 21 8 66 18 12 57 50 20 11 16 75 76 78 98 36
21 5 74 31 44 81 10 6 21 8 66 12 18 57 50 20 11 16 75 76 78 98 36
22 5 74 31 44 81 10 6 21 66 8 12 18 50 57 20 11 16 75 76 78 36 98
23 5 74 31 44 81 10 6 21 66 8 12 18 57 50 20 11 16 75 76 78 36 98
24 74 5 31 44 81 10 6 66 21 8 12 18 57 50 20 11 16 75 76 36 78 98
25 74 5 31 44 81 10 6 66 21 8 12 18 57 50 20 11 16 75 76 36 78 98
26 74 5 31 44 81 10 6 66 21 8 12 18 57 50 20 11 16 75 76 78 36 98
27 74 5 31 44 81 10 6 66 8 21 12 18 57 50 20 11 16 75 76 78 36 98
28 74 5 31 44 81 6 66 8 21 10 18 57 20 11 16 75 76 78 36 98
29 5 74 31 44 81 6 66 8 21 10 18 57 20 11 16
L
a
p
s
Lapped riderWinner
Sachsenring, Sunday, July 22, 2001
These data/results can not be reproduced, stored and/or transmitted in whole or in part by any manner of electronic, mechanical, photocopying, recording, broadcasting or otherwise now
known or herein after developed without the previous express consent by the copyright owner, except for reproduction in daily press and regular printed publications on sale to the public
within 60 days of the event related to those data/results and always provided that copyright symbol appears together as follows below.
© DORNA, 2001
Official information of MotoGP
www.motograndprix.com
