Lap Chart
CINZANO RIO GRAND PRIX
Computerised results and timing service
4933m
Nelson Piquet
250cc
22
Race
Pos
Grid 10
1
74
2
99
3
15
4
31
5
8
6
5
7
81
8
21
9
6
10
7
11
44
12
66
13
11
14
37
15
18
16
9
17
57
18
50
19
42
20
22
21
16
22
24
23
55
24
27
25
84
26
23
27
36
28
45
29
14
30
41
31
85
32
1 74 10 99 5 31 7 8 44 15 21 6 81 9 22 11 57 16 27 18 50 37 42 24 66 45 23 84 14 36 41 55
2 10 74 99 5 31 7 15 8 44 21 6 22 81 11 57 9 50 37 16 66 45 42 18 24 27 23 84 36 14 55 41
3 10 74 99 5 31 7 15 8 44 21 6 81 22 11 57 9 37 50 16 66 45 24 42 18 27 23 36 84 14 55 41
4 10 5 31 74 7 99 15 44 8 6 22 21 11 81 9 57 37 50 66 45 24 42 18 27 23 36 14 55 41
5 5 10 31 74 99 7 15 44 8 22 6 21 81 11 57 9 50 37 66 45 24 42 18 27 23 36 14 55 41
6 31 5 10 99 74 15 7 8 44 22 6 21 81 57 11 9 50 37 66 45 24 42 18 23 27 36 14 55 41
7 31 5 99 74 15 10 7 8 44 22 6 21 81 57 50 11 9 37 66 45 24 42 18 23 27 36 14 55 41
8 31 5 74 99 15 10 7 44 8 22 6 21 81 50 57 11 9 66 37 45 24 42 23 18 27 36 14 55 41
9 31 5 74 99 15 10 7 44 8 6 21 22 81 50 57 11 9 66 37 45 24 42 18 23 36 27 14 55
10 31 74 5 99 15 10 7 44 8 6 21 50 22 81 57 11 9 66 37 45 24 42 36 18 23 27 14 55
11 5 31 15 99 74 10 7 44 8 21 6 22 57 50 81 11 9 66 37 45 24 42 36 23 18 27 14
12 5 31 15 99 74 10 7 44 8 21 57 50 81 22 6 9 11 66 37 45 24 42 36 18 23 27 14
13 5 15 31 74 99 10 7 44 8 21 57 50 81 22 6 9 11 66 37 45 24 42 36 18 23 27 14
14 15 5 74 31 99 10 7 44 8 21 57 50 81 6 22 9 66 11 37 45 24 36 42 23 18 27 14
15 15 74 5 31 99 10 7 44 8 21 57 50 81 6 22 9 66 11 37 45 24 36 42 18 23 27 14
16 15 5 74 31 99 10 7 44 8 21 57 50 81 22 6 66 11 37 45 24 36 42 18 23 27 14
17 15 5 74 99 10 31 7 44 8 21 57 50 81 22 6 66 11 37 45 24 36 42 18 23 27 14
18 15 74 5 99 10 31 7 44 8 21 50 57 81 22 6 11 66 37 45 24 36 42 18 23 27 14
19 15 74 5 99 10 31 7 44 8 21 50 57 81 22 6 11 66 37 45 24 36 42 18 23 27 14
20 74 15 5 99 10 31 7 44 8 21 50 57 81 6 22 11 66 37 45 24 36 42 18 23 27 14
21 74 5 15 99 10 31 7 44 8 21 50 57 81 6 11 22 66 37 45 24 36 42 18 23
22 74 5 15 10 99 31 7 44 8 21 50 57 81 11 22 6 66 37
L
a
p
s
Lapped riderWinner
Rio de Janeiro, Saturday, November 03, 2001
These data/results can not be reproduced, stored and/or transmitted in whole or in part by any manner of electronic, mechanical, photocopying, recording, broadcasting or otherwise now
known or herein after developed without the previous express consent by the copyright owner, except for reproduction in daily press and regular printed publications on sale to the public
within 60 days of the event related to those data/results and always provided that copyright symbol appears together as follows below.
© DORNA, 2001
Official information of MotoGP
www.motograndprix.com
