       Phillip Island              Results and timing service provided by
                                                                                                                                                                      Moto3
                                  TISSOT AUSTRALIAN GRAND PRIX
                                  Race
          4448 m.                 Lap Chart                                                                                                                                           31
Pos        1 2 3 4 5 6 7 8 9 10 11 12 13 14 15 16 17 18 19 20 21 22 23 24 25 26 27 28 29 30 31 32 33
Grid      39 94 7 25 42 32 22 44 63 8 10 23 12 84 41 61 5 89 17 65 31 4 11 53 57 43 77 9 21 58 29 80 75


     1    39 42 25 94 22           8 23 31 17 53 41            7 12 63 84 32 61 11 5                 4 77 57 89 10 21            9 43 29 58 80 44 75
     2    39 25 94 42         8 23 22 17 31 12 41              7 32 53 63 84 61             5   4 11 10 77 57 89 43 21                9 58 29 80 44 75
     3    25 39 42 94         8 22 23 31 17 12             7 41 32 63 53          5 61 84 10         4 11 57 77 89 43 21 58                9 29 80 44 75
     4    39 25 42 94         8 23 12 17         7 22 31 63 32 41            5 53 84 10 61 11 4 57 43 89 77 58                        9 21 29 80 44 75
     5    39 25 42 94         8 23 12        7 31 17 22 63 32            5 53 84 41 10 61 11 4 57 43 89 77 58                         9 29 21 80 44 75
     6    39 25 42 94 12           8 23      7 31 22 17 63 32            5 84 53 41 10 11 61              4 43 57 89        9 58 77 21 29 80 44 75
     7    94 42 25 39 12           7    8 23 31 17 22 32 63              5 84 41 53 10 11 61              4 57 43 58 89 77            9 29 21 80 44 75
     8    94 25 42 12 39           8 23      7 31 17 32 22 63            5 41 84 10 53 11 61 57 89 43 58 29 21 77                          9 44 80 75
     9    94 25 12 42 39           8 23      7 32 31 17 22 63            5 10 41 84 11 53 61 43 89 58 77 21 57 29                          9 44 80 75
    10    94 12 42 25 39           8 23      7 17 31 32        5 22 41 10 63 84 11 53 61 58 21 43 89 77 29                            9 57 44 80 75

L   11    94 25 12 42 39 23             8    7   5 31 41 32 10 22 84 17 63 11 61 53 89 58 43 21 77 57                                 9 44 80 75
a   12    94 25 42 12 39           8 23      7   5 32 31 10 41 22 84 17 63 11 61 53 77 58 43 89 21 57                                 9 44 80 75
p         94 25 12 42 39           8 23      7 32     5 31 41 10 84 17 22 63 11 61 53 43 77 89 58 57 21                               9 44 80 75
s
    13
    14    94 25 42 12 39           8 23      7 32     5 31 10 41 84 17 63 22 11 61 53 43 89 77 58 57                             9 21 44 80 75
    15    94 42 25 12 39           8 23      7 32     5 10 41 84 31 17 63 22 11 61 53 43 77 89 58 57 21                               9 44 80 75
    16    42 94 25 12 39           8 23      7 10 32 41 84 17            5 63 31 22 11 61 53 43 89                 9 57 77 44 58 21 80 75
    17    25 12 42        8 94 39 23         7 32 84 10 17 41            5 63 31 22 11 61 53 43 89                 9 57 77 44 58 21 80 75
    18    25 12 42        8 23 94 39         7 32 10 84 31 17            5 63 41 11 22 61 53 43 89                 9 77 57 44 58 21 80 75
    19    12 42      8 23 25 39 94           7 32 31 10        5 17 84 41 63 22 61 11 53 43 89                     9 57 77 44 58 21 80 75
    20    42    8 12 25 39 94 23             7 32 31       5 10 84 41 63 17 61 22 11 53 43 89 57                        9 77 44 58 21 80 75
    21    12 25 42 39         8 94 23        7 32 31 84 10          5 41 63 17 61 11 22 53 43 57 89                     9 77 44 58 21 80 75
    22    25 39 94 42 12           8 23      7 32 31 10        5 84 41 63 61 17 11 22 53 43 89 57 77                        9 44 58 21 80 75
    23    42 25 39 12         8 94      7 23 31 10 63 84 32              5 41 61 17 11 22 53 57 43                 9 77 89 44 58 21 80




          Winner                   Lapped rider
These data/results cannot be reproduced, stored and/or transmitted in whole or in part by any manner of electronic, mechanical, photocopying, recording, broadcasting or otherwise now
known or herein after developed without the previous express consent by the copyright owner, except for reproduction in daily press and regular printed publications on sale to the public
within 60 days of the event related to those data/results and always provided that copyright symbol appears together as follows below.
© DORNA, 2013

Official MotoGP Timing byTISSOT
www.motogp.com

Phillip Island, Sunday, October 20, 2013
