GRAN PREMIO bwin DE ESPAÑA
Computerised results and timing service provided by
4423 m.
Jerez
Moto2
Race
Lap Chart 19
TISSOT
Pos
Grid 48
1
60
2
24
3
72
4
12
5
65
6
2
7
40
8
9
9
3
10
8
11
68
12
6
13
16
14
35
15
71
16
44
17
10
18
25
19
5
20
77
21
80
22
41
23
55
24
17
25
15
26
45
27
63
28
29
29
14
30
39
31
76
32
52
33
59
34
61
35
75
36
92
37
53
38
91
39
1 24 48 60 72 9 12 2 68 65 40 8 6 16 3 44 10 35 45 25 77 55 80 76 14 71 75 63 52 61 59 39 91 95 92 88 53 41 17
2 24 48 72 60 9 12 68 2 65 40 6 3 8 16 44 10 45 77 35 55 25 14 80 71 63 75 76 52 39 61 59 95 91 88 92 53 41 17
3 48 24 72 9 60 12 68 2 40 65 6 3 8 16 44 45 10 77 35 14 80 71 63 75 39 52 76 61 95 59 91 88 53 92 41 17 25
4 48 24 9 72 60 12 68 2 6 40 3 65 16 8 44 45 10 77 35 80 14 71 63 39 75 52 76 61 95 91 88 53 92 41 17 25 59
5 48 9 24 72 60 12 2 3 68 40 65 16 8 45 44 10 77 35 80 14 71 63 39 75 61 76 52 91 95 88 53 92 6 41 17 25 59
6 9 48 24 72 12 60 2 3 40 68 65 16 45 8 44 10 77 35 80 14 71 63 39 75 61 76 52 91 95 88 53 92 6 41 17 25 59
7 9 48 24 72 12 60 2 3 40 68 65 16 8 45 44 10 77 35 14 71 80 63 39 61 76 91 52 88 95 53 6 92 41 17 25 59
8 9 24 12 48 72 60 2 3 40 68 16 65 45 8 44 77 10 14 35 71 80 63 39 61 91 76 52 6 88 53 95 41 92 17 25 59
9 9 24 12 72 48 60 2 3 40 68 16 65 8 45 44 77 10 14 35 71 80 63 39 61 76 52 6 53 88 41 95 92 17 25
10 9 24 12 72 48 60 2 3 40 68 16 65 8 44 45 77 10 14 35 71 80 63 39 61 76 52 6 41 88 53 95 92 17 25
11 12 9 24 48 72 60 2 40 3 68 16 65 8 44 45 77 14 10 71 35 80 63 39 61 76 52 6 41 88 95 53 17 92 25
12 48 9 12 72 24 60 2 40 3 68 16 8 44 65 45 77 14 10 71 35 80 63 61 39 76 52 6 41 88 17 95 53 92 25
13 48 12 9 72 24 60 3 2 40 68 16 44 8 65 45 77 14 71 10 35 80 63 61 39 76 52 6 17 41 88 95 53 92 25
14 48 12 24 72 9 3 60 40 2 68 16 65 45 8 77 44 14 71 80 10 35 63 61 39 76 52 6 17 41 88 53 92 95 25
15 12 48 24 72 9 3 40 60 2 68 16 65 8 45 44 77 14 71 80 35 10 63 61 39 6 52 76 17 41 88 92 53 25 95
16 12 24 48 72 9 40 3 60 2 68 16 8 65 77 44 45 14 71 80 35 10 63 61 39 6 52 76 17 41 92 53 88 25 95
17 24 48 12 72 3 40 9 60 2 68 16 44 77 65 8 45 14 71 80 35 10 63 61 39 6 52 76 17 41 92 53 25 88 95
L
a
p
s
Lapped riderWinner
Jerez de la Frontera, Sunday, May 02, 2010
These data/results cannot be reproduced, stored and/or transmitted in whole or in part by any manner of electronic, mechanical, photocopying, recording, broadcasting or otherwise now
known or herein after developed without the previous express consent by the copyright owner, except for reproduction in daily press and regular printed publications on sale to the public
within 60 days of the event related to those data/results and always provided that copyright symbol appears together as follows below.
© DORNA, 2010
Official MotoGP Timing by
www.motogp.com
TISSOT
