          Le Mans                  Computerised results and timing service provided by TISSOT
                                                                                                                                                                      125cc
                                  MONSTER ENERGY GRAND PRIX DE FRANCE
                                  Race
          4185 m.                 Lap Chart                                                                                                                                           19
Pos        1 2 3 4 5 6 7 8 9 10 11 12 13 14 15 16 17 18 19 20 21 22 23 24 25 26 27 28 29
Grid      40 44 11 93 38 71 35 99 14 12 39 7 94 51 53 26 23 5 32 78 50 69 84 63 60 83 81 82 72


     1    40 44 12 38 93 71             7 14 11 39 26 51 35 78 23 94 84 53 99 69                          5 32 60 82 81 50 63 83 72
     2    40 44 12 38 93 71             7 11 14 39 35 51 23 94 26 78 99 53                      5 84 32 69 82 60 50 81 63 72 83
     3    40 44 38 12 93 71             7 11 14 39 35 94 23 99 51 26 78                     5 53 84 69 32 82 60 50 63 81 72 83
     4    40 44 38 12 93           7 71 11 14 35 39 99 23 94 51 26 78 53                        5 84 69 32 82 60 50 63 72 81 83
     5    40 44 38 12 93           7 71 11 35 14 39 99 23 94 51 78 26                       5 53 84 32 69 50 60 82 72 81 83 63
     6    40 44 38 12         7 93 71 11 35 14 39 99 94 23 51 26 78                         5 53 84 32 69 50 60 82 72 81 83 63
     7    40 44 38 12         7 71 93 11 35 14 39 99 94 23 51 26 53                         5 78 84 69 50 60 82 72 81 83 63
     8    40 44 38 12         7 71 93 11 35 14 39 99 94 23 51 53 26                         5 78 84 69 50 60 82 72 81 83 63
     9    40 44 38 12         7 93 71 11 35 99 14 39 94 23 53 51                       5 26 78 84 69 50 60 82 72 81 83 63
    10    40 44 38 12         7 93 71 11 35 99 14 39 94 53 23                     5 51 26 78 84 69 50 60 82 72 81 83 63

L   11    40 44 38 12         7 93 71 11 35 99 14 39 53 94 23                     5 26 51 78 84 69 50 60 82 72 81 83 63
a   12    40 44 38        7 12 93 71 11 35 99 14 39 53 94 23                      5 26 78 51 84 69 50 60 82 72 81 83 63
p         40 44 38        7 93 12 71 11 35 99 14 39 53 94 23                      5 26 78 84 51 69 50 60 72 82 81 83 63
s
    13
    14    40 44 38        7 93 12 71 11 35 99 14 39 53 94 23                      5 26 78 84 51 69 50 60 72 82 81 83 63
    15    40 44 38        7 93 12 11 71 35 99 14 39 53 94 23                      5 26 78 84 69 51 50 60 72 82 81 83 63
    16    44 40 38        7 93 12 11 71 35 99 14 39 53 94 23                      5 26 84 78 69 50 60 72 82 81 51 83 63
    17    40 44 38 93         7 12 11 71 35 99 14 39 94 53 23                     5 26 84 78 69 50 60 72 82 81 63 83
    18    40 44 38 93         7 11 12 71 35 99 14 39 94 53 23                     5 26 84 78 69 50 60 72 82 81 63 83
    19    44 40 38        7 93 11 12 71 35 99 14 39 94 53                    5 26 23 84 78 50 69 60 82 81 63 83
    20    44 40 38        7 93 11 12 71 35 99 39 14 94 53 26                      5 23 84 78 50 69 60 82 81 63 83
    21    44 40 38 93         7 11 12 71 99 39 14 53 94 35 26                     5 23 84 78 50 69 60 82 81 63 83
    22    44 40 38 93         7 11 12 71 99 39 14 53 94 35 26                     5 23 84 78 50 69 60 82 81 63 83
    23    44 40 38 93         7 11 12 71 99 39 14 53 94 35 26                     5 23 84 78 50 69 60 82 81 63 83
    24    44 40 93        7 38 11 12 71 99 39 14 53 94 35 26                      5 23 78 84 50 69 60 82




          Winner                   Lapped rider
These data/results cannot be reproduced, stored and/or transmitted in whole or in part by any manner of electronic, mechanical, photocopying, recording, broadcasting or otherwise now
known or herein after developed without the previous express consent by the copyright owner, except for reproduction in daily press and regular printed publications on sale to the public
within 60 days of the event related to those data/results and always provided that copyright symbol appears together as follows below.
© DORNA, 2010

Official MotoGP Timing byTISSOT
www.motogp.com

Le Mans, Sunday, May 23, 2010
