GRAND PRIX OF TURKEY
Computerised results and timing service
5340 m.
Istanbul Park Circuit
125cc
Race
Lap Chart 22
Pos
Grid 19
1
75
2
24
3
55
4
36
5
14
6
60
7
22
8
6
9
52
10
1
11
8
12
32
13
10
14
63
15
33
16
12
17
29
18
35
19
71
20
18
21
11
22
45
23
43
24
7
25
38
26
23
27
15
28
17
29
41
30
9
31
44
32
16
33
21
34
53
35
26
36
37
37
13
38
20
39
81
40
1 19 55 24 36 14 1 60 75 32 33 22 6 63 71 8 35 7 11 29 10 17 9 45 43 44 18 15 53 41 26 38 23 52 21 37 16 20 13 12
2 19 55 36 24 14 60 1 6 22 33 32 8 63 71 35 10 11 7 29 9 17 43 52 45 44 41 15 18 53 38 21 23 26 16 37 20 13 75 12
3 19 55 36 24 14 60 6 1 22 33 63 32 8 71 35 10 11 9 7 29 52 43 17 41 45 44 21 38 53 23 16 26 18 37 20 13 75 12 15
4 19 55 36 24 14 6 22 1 33 63 32 8 71 35 10 11 60 52 29 9 7 43 17 41 21 44 38 45 16 23 53 18 26 37 20 13 75 12
5 19 36 55 24 14 6 22 1 33 63 32 8 71 35 10 11 52 29 60 9 43 7 17 38 41 16 44 21 45 23 53 18 26 37 75 20 13 12
6 19 36 55 24 14 6 22 1 33 63 8 32 71 10 52 35 11 60 29 43 9 7 17 38 16 41 21 44 23 45 53 18 75 26 37 20 13 12
7 19 36 55 6 24 14 33 1 63 22 8 32 71 52 10 60 35 11 29 43 9 7 17 16 38 41 21 44 23 53 75 18 45 37 26 20 13 12
8 19 36 55 6 24 14 33 8 63 1 32 22 71 52 10 60 35 11 29 43 7 9 17 38 41 16 21 44 23 75 18 53 45 37 26 20 13 12
9 19 36 55 6 24 14 33 63 8 22 32 1 71 52 10 60 35 29 11 43 7 9 17 38 41 16 75 44 23 21 18 53 45 37 26 20 13 12
10 19 36 55 24 6 14 33 8 63 32 22 1 52 10 60 71 29 35 11 43 7 9 75 38 17 41 16 44 21 23 18 45 53 26 37 20 13 12
11 19 36 55 6 24 14 33 8 1 32 22 52 10 60 71 29 35 11 43 7 9 75 38 41 17 16 44 21 18 23 45 53 26 37 20 13 12
12 19 36 55 24 6 14 33 8 32 1 22 52 10 60 71 35 29 11 43 7 75 9 38 17 41 16 44 21 18 23 45 53 26 37 20 13 12
13 36 19 55 24 6 14 33 8 32 22 1 52 60 10 71 35 29 11 43 75 7 9 17 41 16 44 18 21 23 45 53 26 37 13 20 12
14 36 19 55 6 24 14 33 8 32 52 22 1 10 71 60 29 35 11 43 75 7 9 17 16 41 44 18 21 23 45 53 26 37 20 13 12
15 36 55 19 6 24 33 14 52 32 8 22 60 10 1 71 35 29 11 43 75 7 17 16 9 41 44 18 21 23 45 53 26 37 20 13 12
16 55 36 19 6 24 33 14 52 60 8 32 10 22 71 1 35 29 11 43 75 7 17 16 9 41 44 18 21 23 45 53 26 20 37 13 12
17 55 19 33 24 6 14 52 60 32 10 8 71 22 1 29 35 11 43 75 17 41 16 7 44 9 21 18 23 45 53 26 20 13 37 12
18 19 55 33 24 6 14 52 32 10 8 60 71 22 1 29 11 43 75 17 16 41 7 44 21 9 18 35 23 45 53 26 20 37 13 12
19 55 19 33 24 6 14 52 8 71 10 60 1 32 22 29 11 75 43 17 7 41 44 16 35 21 9 18 23 45 53 20 26 13 37 12
L
a
p
s
Lapped riderWinner
Istanbul, Sunday, April 30, 2006
These data/results cannot be reproduced, stored and/or transmitted in whole or in part by any manner of electronic, mechanical, photocopying, recording, broadcasting or otherwise now known or
herein after developed without the previous express consent by the copyright owner, except for reproduction in daily press and regular printed publications on sale to the public within 60 days of the event
related to those data/results and always provided that copyright symbol appears together as follows below.
© DORNA, 2006
Official information of MotoGP
www.motogp.com
