Lap Chart
SKYY VODKA GRAND PRIX OF JAPAN
Computerised results and timing service
5824m
Suzuka Revised
125cc
22
Race
Pos
Grid 15
1
3
2
4
3
6
4
7
5
11
6
27
7
34
8
80
9
33
10
22
11
66
12
17
13
26
14
58
15
1
16
12
17
41
18
19
19
23
20
32
21
42
22
79
23
31
24
65
25
68
26
10
27
24
28
48
29
8
30
25
31
14
32
63
33
36
34
78
35
1 3 34 27 4 15 80 6 17 1 33 7 12 23 41 79 22 32 42 8 66 48 31 24 26 19 65 11 36 68 14 58 10 25 21 78
2 3 34 15 27 4 6 17 7 1 33 41 12 23 79 22 42 32 66 8 48 24 31 19 11 26 36 65 58 14 10 25 21 63 78 67
3 3 34 15 27 4 17 6 7 41 33 12 22 23 79 42 32 66 24 8 48 31 19 36 11 58 65 14 10 25 63 21 78 67
4 3 34 27 15 4 17 6 7 41 22 33 12 23 79 42 32 66 24 48 8 31 36 19 11 58 65 14 10 25 63 21 78 67
5 3 15 27 34 4 17 6 7 41 22 12 33 23 79 42 32 24 66 48 8 31 36 19 11 58 65 14 10 25 63 78 21 67
6 3 15 34 4 17 6 27 7 41 22 12 23 33 79 42 32 24 66 48 31 8 36 19 11 58 65 10 14 25 63 21 78 67
7 3 4 17 6 27 7 41 22 34 12 33 23 42 79 24 32 66 48 8 31 36 11 19 65 58 10 14 25 63 21 78 67
8 3 4 6 17 7 27 41 34 22 12 42 23 79 24 32 66 36 8 11 31 19 58 65 10 14 25 63 21 78 67
9 3 6 4 17 7 41 34 22 12 42 23 79 24 32 66 36 11 8 31 19 58 65 10 14 25 63 21 78 67
10 3 6 17 4 7 41 34 22 12 23 24 42 79 32 36 66 11 8 31 19 58 65 10 14 25 63 21 78 67
11 6 3 17 7 4 41 34 22 12 24 23 79 42 32 66 11 36 8 31 19 58 65 10 14 25 63 21 78 67
12 7 3 17 6 4 41 34 22 12 24 23 79 42 32 36 11 66 8 19 31 58 65 10 14 25 63 78 21 67
13 7 17 3 4 6 41 34 22 12 24 23 79 42 36 11 32 66 8 19 31 58 65 10 14 25 63 78 21 67
14 4 7 6 17 3 41 34 22 12 24 23 79 42 36 11 32 66 8 19 31 58 65 10 25 14 63 78 21 67
15 7 4 17 6 41 34 22 3 12 24 23 79 42 36 11 32 66 8 19 31 58 65 10 25 14 63 78 21 67
16 7 4 6 17 41 34 22 3 12 24 23 36 42 79 11 32 8 66 19 31 58 65 10 25 63 14 21 67
17 7 4 17 6 41 34 22 3 12 36 23 24 11 42 79 32 8 19 31 58 65 10 63 25 14 66 21 67
18 7 6 17 4 34 41 22 3 12 23 36 24 11 79 42 32 8 19 31 65 58 63 10 25 14 21
L
a
p
s
Lapped riderWinner
Suzuka, Sunday, April 06, 2003
These data/results can not be reproduced, stored and/or transmitted in whole or in part by any manner of electronic, mechanical, photocopying, recording, broadcasting or otherwise now known or herein
after developed without the previous express consent by the copyright owner, except for reproduction in daily press and regular printed publications on sale to the public within 60 days of the event related to
those data/results and always provided that copyright symbol appears together as follows below.
© DORNA, 2003
Official information of MotoGP
www.motograndprix.com
