Lap Chart
GRAN PREMI MARLBORO DE CATALUNYA
Computerised results and timing service
4727m
Circuit de Catalunya
125cc
22
Pos
Grid 4
1
41
2
5
3
9
4
22
5
8
6
1
7
15
8
39
9
17
10
3
11
16
12
23
13
12
14
54
15
53
16
26
17
51
18
18
19
11
20
21
21
35
22
29
23
24
24
10
25
45
26
34
27
50
28
32
29
47
30
1 9 3 21 16 12 1 53 23 54 4 29 11 8 26 15 35 51 17 24 10 34 50 18 22 45
2 9 3 16 21 12 1 53 23 4 54 8 29 11 26 35 17 15 51 24 22 34 18 50 45 10
3 9 3 16 21 12 23 29 54 11 26 15 17 4 51 35 22 24 18 34 50 45 10
4 9 16 3 21 23 12 29 11 17 15 54 26 4 35 51 22 24 18 34 50 45
5 9 16 3 21 23 12 29 17 11 15 54 26 35 51 4 22 18 24 34 50 45
6 9 16 3 21 23 12 29 17 15 11 54 22 35 51 4 26 18 24 34 50 45
7 16 9 3 23 21 29 17 11 15 22 51 35 4 54 18 26 24 12 34 50 45
8 16 9 3 23 21 29 17 11 22 15 51 35 18 26 24 12 34 50 45
9 16 9 3 23 21 29 17 22 11 15 51 35 18 26 24 34 12 50 45
10 16 9 3 23 21 29 17 22 11 15 51 35 18 26 24 34 12 50 45
11 16 9 3 23 21 29 17 22 15 11 51 35 18 24 26 34 12 50 45
12 16 9 3 23 21 29 22 17 15 11 51 35 18 24 26 12 34 50 45
13 16 9 3 23 21 29 22 17 15 11 35 18 24 26 34 12 50 45
14 16 9 3 23 22 29 21 15 11 35 18 24 26 12 34 50 45
15 16 23 3 22 21 11 29 18 35 24 26 12 34 45
16 16 3 23 22 21 11 18 35 29 24 26 12 34 45
17 16 23 3 22 21 18 11 35 29 24 26 12 34 45
18 16 23 3 22 21 35 11 18 29 24 26 12 34 45
19 16 3 23 21 22 35 11 18 29 24 26 12 34 45
20 16 23 3 21 22 35 11 18 29 24 26 34 12 45
21 16 23 3 21 22 35 11 18 29 24 26 34 12 45
22 16 3 23 21 35 22 11 18 29 24 26 34
L
a
p
s
Lapped riderWinner
Barcelona, Sunday, June 11, 2000
MotoGP MotoGP MotoGP MotoGP MotoGP MotoGP MotoGP MotoGP MotoGP MotoGP MotoGP MotoGP MotoGP MotoGP MotoGP MotoGP MotoGP MotoGP MotoGP MotoGP MotoGP MotoGP MotoGP MotoGP MotoGP MotoGP MotoGP MotoGP MotoGP MotoGP MotoGP MotoGP MotoGP MotoGP MotoGP MotoGP MotoGP MotoGP MotoGP Moto
Official information of MotoGP
