Lap Chart
GRAN PREMI MARLBORO DE CATALUNYA
Computerised results and timing service
4727m
Circuit de Catalunya
500cc
22
Pos
Grid 10
1
65
2
2
3
7
4
9
5
8
6
1
7
4
8
46
9
5
10
55
11
6
12
99
13
31
14
17
15
25
16
11
17
24
18
15
19
12
20
18
21
1 2 7 6 65 10 46 5 9 4 1 11 15 99 17 31 18 55 12 8 24
2 2 6 7 10 65 5 46 9 4 99 1 11 17 15 31 18 12 55 8 24
3 2 6 7 10 5 65 46 9 4 99 1 17 11 15 31 18 12 55 8 24
4 2 7 10 6 5 65 9 46 99 4 1 17 11 15 31 18 12 55 8 24
5 2 10 6 5 65 9 46 99 17 4 1 11 15 31 18 12 55 8 24
6 2 10 6 65 46 9 17 1 4 11 15 31 18 12 99 55 8 24
7 2 10 6 46 65 9 17 1 4 11 15 31 18 12 99 55 8 24
8 2 10 6 46 65 9 17 1 4 11 15 31 18 99 12 55 8 24
9 2 10 6 46 65 9 17 1 4 11 15 31 18 99 12 55 8 24
10 2 10 6 46 9 65 1 17 4 11 15 31 18 99 12 55 8 24
11 2 10 6 46 9 65 17 4 11 15 31 18 99 12 55 8 24
12 10 2 6 46 9 65 17 4 11 15 31 18 99 12 55 8 24
13 2 6 46 9 65 17 4 11 15 31 18 99 12 55 8 24
14 2 6 9 46 65 17 4 11 15 31 18 99 12 55 8 24
15 2 6 9 46 65 4 17 11 15 31 18 99 12 55 8 24
16 2 6 9 46 65 4 17 11 15 31 18 99 12 55 8 24
17 2 6 9 46 65 4 17 11 31 15 18 99 12 55 8 24
18 2 6 9 46 65 4 17 11 31 15 18 99 12 55 8 24
19 2 6 9 46 65 4 17 11 31 15 18 99 12 55 8 24
20 2 6 9 46 65 4 17 11 31 15 18 99 12 55 8 24
21 2 6 9 46 4 65 17 11 31 15 18 99 12 55 8 24
22 2 6 46 9 4 65 17 11 31 15 18 99 12 55 8 24
23 2 6 46 9 4 65 17 11 31 15 18 99 12 55 8 24
24 2 6 46 9 4 65 17 11 31 15 18 99 55 12 8
25 2 6 46 9 4 65 17 11 31 15
L
a
p
s
Lapped riderWinner
Barcelona, Sunday, June 11, 2000
MotoGP MotoGP MotoGP MotoGP MotoGP MotoGP MotoGP MotoGP MotoGP MotoGP MotoGP MotoGP MotoGP MotoGP MotoGP MotoGP MotoGP MotoGP MotoGP MotoGP MotoGP MotoGP MotoGP MotoGP MotoGP MotoGP MotoGP MotoGP MotoGP MotoGP MotoGP MotoGP MotoGP MotoGP MotoGP MotoGP MotoGP MotoGP MotoGP Moto
Official information of MotoGP
