Lap Chart
GRAN PREMI MARLBORO DE CATALUNYA
Computerised results and timing service
4727m
Circuit de Catalunya
250cc
22
Pos
Grid 56
1
6
2
4
3
19
4
13
5
34
6
74
7
30
8
21
9
77
10
24
11
26
12
9
13
41
14
18
15
15
16
8
17
11
18
16
19
44
20
37
21
42
22
54
23
14
24
10
25
20
26
31
27
23
28
22
29
38
30
33
31
27
32
1 56 19 4 13 21 8 77 74 6 30 41 16 11 37 14 18 54 20 23 10 15 22 31 33 38 42 9 26 24 44
2 56 19 4 21 13 6 77 8 74 30 11 16 37 41 14 18 54 15 22 31 20 10 23 9 42 33 38 26 24 44
3 56 19 4 13 21 74 8 77 11 37 16 30 41 14 18 22 9 31 54 10 20 42 33 23 6 26 38 15 44 24
4 56 19 4 21 13 74 8 77 37 11 16 41 14 9 31 6 22 10 54 42 26 20 33 18 23 38 15 44 24 30
5 56 19 4 21 13 74 77 8 37 11 16 14 41 9 6 31 22 10 42 26 54 20 33 18 23 38 15 24 44 30
6 56 19 4 21 13 74 77 8 11 37 16 14 41 6 31 22 42 26 10 20 33 54 18 23 38 15 24 30
7 56 19 4 21 13 74 77 8 16 11 37 14 6 41 22 31 26 42 10 20 33 54 18 23 15 38 24 30
8 56 19 4 21 13 74 77 8 16 11 37 14 6 41 26 22 31 42 20 33 10 18 54 23 15 38 24 30
9 56 19 4 21 13 74 77 8 16 14 6 37 41 26 42 22 31 33 20 10 11 18 54 23 15 24 30 38
10 56 19 4 21 13 74 77 8 16 6 14 37 41 26 42 22 31 20 33 10 18 54 23 15 24 30
11 56 19 4 21 13 74 8 77 6 16 14 37 41 26 42 22 31 20 33 10 18 15 54 23 24 30
12 56 19 4 21 13 74 6 8 77 16 14 37 41 26 42 22 20 31 10 33 18 15 23 54 24 30
13 56 19 4 21 13 74 6 8 77 16 14 41 37 26 42 22 20 31 10 33 15 18 24 23 54 30
14 56 19 4 21 74 13 6 8 77 16 14 41 37 26 42 22 20 31 33 10 15 18 24 23 54 30
15 56 19 4 21 74 13 6 77 8 14 16 41 26 42 22 20 31 33 10 37 18 15 24 23 30
16 56 19 4 21 74 13 6 14 8 77 16 41 42 22 26 20 31 33 10 24 18 15 23
17 56 19 4 21 74 13 6 14 8 77 16 41 42 26 22 20 31 10 33 24 18 15 23
18 56 19 4 21 74 13 6 14 8 77 16 41 42 22 26 20 31 10 33 24 18 15 23
19 56 19 4 21 74 13 6 14 8 77 16 42 41 22 26 20 31 10 33 24 18 15 23
20 19 4 56 21 74 13 6 14 8 77 16 42 41 26 22 20 31 10 33 24 18 15 23
21 19 4 56 21 74 13 6 14 8 77 16 42 41 20 26 22 31 10 24 18 15 23
22 19 4 56 21 74 13 6 14 8 77 16 42 41 20 22 26 31 10 24 18 15 23
23 19 4 56 74 21 13 6 8 14 77 16 41 42 20 26 22 31 10 24 18 15
L
a
p
s
Lapped riderWinner
Barcelona, Sunday, June 11, 2000
MotoGP MotoGP MotoGP MotoGP MotoGP MotoGP MotoGP MotoGP MotoGP MotoGP MotoGP MotoGP MotoGP MotoGP MotoGP MotoGP MotoGP MotoGP MotoGP MotoGP MotoGP MotoGP MotoGP MotoGP MotoGP MotoGP MotoGP MotoGP MotoGP MotoGP MotoGP MotoGP MotoGP MotoGP MotoGP MotoGP MotoGP MotoGP MotoGP Moto
Official information of MotoGP
