Lap Chart
GRAN PREMIO MARLBORO DE ESPAÑA
Computerised results and timing service
4423m
Jerez
125cc
22
Race
Pos
Grid 22
1
4
2
15
3
3
4
17
5
41
6
80
7
34
8
6
9
58
10
27
11
7
12
79
13
36
14
23
15
19
16
8
17
11
18
1
19
12
20
24
21
48
22
26
23
33
24
42
25
32
26
14
27
25
28
31
29
10
30
81
31
63
32
70
33
71
34
69
35
1 3 34 22 15 80 4 6 27 7 41 17 79 8 26 1 12 58 23 36 24 11 19 48 33 25 10 42 14 32 69 31 71 70 81 21
2 3 22 15 34 4 80 6 27 7 17 41 8 26 79 12 1 58 23 36 24 48 11 19 33 25 10 42 32 71 70 81 21 63
3 3 22 15 4 34 7 80 27 6 17 41 8 26 79 23 58 12 1 36 48 24 33 19 11 42 25 32 70 10 71 81 21 63
4 3 22 15 4 7 34 80 27 17 41 6 8 26 79 23 58 12 36 48 1 24 19 11 42 25 32 70 81 10 71 21 63
5 3 22 15 4 7 34 27 17 41 80 6 8 26 79 23 58 12 36 48 1 24 19 11 42 32 25 70 81 71 10 21 63
6 3 22 15 4 7 34 27 17 41 80 6 8 26 23 58 79 12 36 48 1 19 24 11 42 32 25 70 81 10 71 21 63
7 3 22 4 15 7 17 27 41 34 80 6 8 26 23 58 79 12 36 48 19 1 11 24 42 32 25 70 81 10 71 21 63
8 22 3 4 15 7 17 27 41 80 34 6 8 26 23 12 58 79 48 36 19 1 11 42 24 32 25 70 81 10 71 63 21
9 22 4 15 3 7 17 41 27 80 34 6 8 26 23 12 58 79 48 36 19 42 11 1 24 32 25 70 81 10 71 63 21
10 4 15 7 3 17 41 27 80 34 6 8 26 23 12 58 79 48 36 19 42 1 24 11 32 25 70 81 10 63 71 21
11 4 15 7 3 17 41 27 80 34 6 8 12 26 23 58 79 48 36 19 42 1 24 11 32 25 70 81 10 71 63 21
12 4 15 7 3 17 27 41 80 34 6 8 12 23 26 58 79 48 36 19 42 24 1 11 32 25 70 81 10 63 71 21
13 4 7 15 3 17 27 41 80 34 6 12 8 23 26 58 79 48 36 19 42 1 24 11 32 25 70 81 63 71 21
14 4 7 15 3 17 27 80 41 34 6 12 8 23 26 58 79 48 36 19 42 1 11 24 32 25 70 81 63 71 21
15 4 15 7 3 17 27 80 41 34 6 12 8 23 26 58 79 48 36 19 42 1 11 24 32 25 70 81 63 21 71
16 4 15 7 3 17 27 80 41 6 34 12 8 23 26 58 48 79 36 19 42 1 11 24 32 70 25 81 63 21 71
17 4 3 15 7 17 80 27 41 6 34 12 8 23 26 58 48 36 79 19 42 1 11 24 32 70 25 81 63 71 21
18 4 15 3 7 17 27 80 41 6 34 8 12 58 23 48 26 36 79 19 42 1 11 24 32 81 25 70 63 71 21
19 4 15 3 7 17 27 80 41 6 34 12 58 8 23 48 26 36 79 19 42 1 11 24 32 81 70 25 63 71 21
20 4 15 3 17 7 27 80 41 6 34 12 8 23 58 48 36 26 79 19 42 1 24 11 32 81 25 70 63 71 21
21 15 17 4 7 3 27 80 41 6 34 12 8 23 58 48 36 26 19 79 42 24 1 32 11 70 25 81 63 71 21
22 15 17 4 7 3 27 80 41 6 34 8 12 23 58 36 48 26 19 79 42 1 24 11 32 70 25 81 63 71 21
23 4 17 15 3 7 27 80 41 34 6 8 12 23 58 48 36 19 26 79 42 24 1 32 11 70 25 81 63 71 21
L
a
p
s
Lapped riderWinner
Jerez de la Frontera, Sunday, May 11, 2003
These data/results can not be reproduced, stored and/or transmitted in whole or in part by any manner of electronic, mechanical, photocopying, recording, broadcasting or otherwise now known or herein
after developed without the previous express consent by the copyright owner, except for reproduction in daily press and regular printed publications on sale to the public within 60 days of the event related to
those data/results and always provided that copyright symbol appears together as follows below.
© DORNA, 2003
Official information of MotoGP
www.motograndprix.com
