MARLBORO MALAYSIAN MOTORCYCLE GP
Computerised results and timing service
5548 m.
Sepang Circuit
125cc
Race
Lap Chart
22
Pos
Grid 34
1
3
2
27
3
58
4
48
5
36
6
15
7
22
8
6
9
32
10
14
11
7
12
19
13
24
14
10
15
21
16
54
17
23
18
12
19
52
20
47
21
50
22
33
23
63
24
42
25
26
26
45
27
62
28
25
29
66
30
8
31
28
32
16
33
31
34
9
35
1 3 34 27 36 48 14 58 32 6 15 7 21 54 10 23 19 12 22 52 47 42 50 63 26 31 62 25 33 16 28 66 8 9 45
2 34 27 48 32 6 14 15 21 10 54 19 7 12 23 58 22 50 42 47 63 26 31 33 62 25 66 16 28 8 9 45
3 27 34 48 32 14 6 15 21 10 19 54 12 23 50 42 47 63 26 33 62 66 25 16 28 31 8 9 45
4 27 34 32 48 6 14 10 21 19 15 54 12 23 50 42 63 26 47 33 62 66 25 16 28 31 9 45
5 27 34 32 6 48 14 10 21 15 54 19 12 23 42 50 63 47 26 33 66 62 25 16 28 31 9 45
6 27 34 32 48 10 14 54 15 21 19 12 23 50 42 63 47 26 66 33 62 25 16 28 31 9 45
7 27 34 32 48 15 10 54 14 19 21 23 12 50 42 26 63 47 33 66 62 16 28 25 31 9 45
8 27 34 15 32 19 10 54 14 21 23 12 50 42 33 26 47 66 63 62 28 16 25 48 31 45
9 27 34 15 19 32 10 54 14 21 23 12 42 50 26 66 33 47 63 62 28 16 25 45
10 27 34 19 15 32 10 14 54 21 23 12 42 50 33 26 66 63 62 47 28 16 25 45
11 27 34 19 15 32 10 54 14 23 21 12 42 50 33 26 66 63 62 28 16 25 45
12 27 34 19 15 32 10 54 14 23 21 12 42 50 33 26 66 62 63 28 16 25 45
13 27 34 19 15 32 10 54 14 23 21 12 42 33 50 26 66 62 63 28 16 25 45
14 27 34 19 15 32 10 54 23 14 21 12 33 42 50 26 66 62 63 28 16 25 45
15 27 34 19 15 32 10 54 23 14 21 12 33 42 50 26 66 62 63 28 16 25 45
16 27 34 19 15 32 10 54 23 14 21 12 33 50 26 66 62 63 28 25 16 45
17 27 34 19 15 32 10 54 23 14 21 12 33 26 50 66 62 63 28 25 16
18 27 34 19 15 32 10 54 14 23 21 12 33 26 50 62 63 28 25 16
19 27 34 19 15 32 10 54 14 23 21 12 33 26 50 62 28 63 25 16
L
a
p
s
Lapped riderWinner
Sepang, Sunday, October 10, 2004
These data/results cannot be reproduced, stored and/or transmitted in whole or in part by any manner of electronic, mechanical, photocopying, recording, broadcasting or otherwise now
known or herein after developed without the previous express consent by the copyright owner, except for reproduction in daily press and regular printed publications on sale to the public
within 60 days of the event related to those data/results and always provided that copyright symbol appears together as follows below.
© DORNA, 2004
Official information of MotoGP
www.motogp.com
