GRAN PREMIO bwin DE ESPAÑA
Results and timing service provided by
4423 m.
Jerez
Moto3
Race
Lap Chart 31
Pos
Grid 8
1
23
2
42
3
32
4
12
5
21
6
7
7
31
8
17
9
5
10
84
11
44
12
52
13
65
14
33
15
6
16
58
17
10
18
91
19
57
20
24
21
19
22
63
23
11
24
61
25
9
26
51
27
22
28
98
29
41
30
3
31
38
32
43
33
95
34
4
35
1 8 7 23 32 31 21 42 5 12 84 52 44 33 65 24 58 6 17 10 19 91 41 98 11 9 3 51 43 95 63 22 38 4 61
2 7 8 32 23 31 42 5 21 84 12 44 52 65 33 58 6 17 10 24 41 91 19 98 11 9 3 63 51 43 95 22 38 4 61
3 7 8 5 32 42 21 12 31 84 44 52 33 65 58 6 10 17 41 91 24 19 11 98 3 63 9 51 95 43 38 22 4
4 7 5 32 8 42 12 21 84 31 44 52 33 65 6 58 17 10 41 19 24 91 98 11 63 9 51 3 38 95 43 22 4
5 5 32 42 7 8 12 21 84 31 44 52 33 6 17 58 65 10 41 19 91 24 98 11 63 51 9 3 38 95 43 22 4
6 32 42 5 12 7 21 8 84 31 44 52 33 6 17 58 65 41 10 19 91 98 24 11 63 51 9 95 3 38 43 22 4
7 5 42 32 7 21 12 8 84 44 31 52 33 6 17 58 10 65 41 19 98 11 91 24 63 51 9 38 95 22 43 3 4
8 5 42 21 7 32 12 8 84 44 52 31 33 17 6 58 10 41 65 19 98 11 24 63 9 51 38 95 22 43 3 4
9 5 42 7 21 8 12 84 32 52 44 31 6 33 17 10 58 65 41 98 19 11 24 63 9 51 95 43 22 38 3 4
10 5 42 7 21 8 12 84 32 52 31 44 6 17 33 10 58 65 41 98 11 19 63 24 9 51 95 43 22 38 3 4
11 5 42 7 21 8 84 12 32 31 52 44 33 6 10 58 17 65 41 11 98 19 63 24 9 51 95 43 22 38 3 4
12 42 5 7 21 8 84 12 32 52 31 44 33 6 10 58 17 65 41 11 98 19 63 24 9 51 95 43 22 38 3 4
13 42 5 7 21 8 84 12 32 52 31 44 33 6 10 17 58 65 11 98 19 41 63 24 51 9 95 22 38 3 43 4
14 5 42 7 21 84 8 12 32 52 31 44 33 10 6 17 58 65 11 98 19 41 63 24 51 9 22 95 38 3 43 4
15 5 7 42 21 8 84 12 32 52 31 44 33 10 6 17 58 65 11 19 98 41 63 24 51 22 95 3 38 43 4
16 5 42 7 8 84 21 32 12 52 31 44 33 10 6 17 58 65 11 19 98 63 24 51 22 3 95 43 38 4
17 5 42 7 8 32 84 21 12 31 52 44 33 10 6 17 65 58 98 19 63 24 51 22 3 95 43 38 4
18 7 42 5 8 32 84 12 21 31 52 33 10 44 6 65 17 58 98 19 63 24 51 22 3 95 38 43 4
19 5 7 42 32 8 84 12 21 33 31 10 52 44 65 17 6 58 19 98 63 24 51 22 95 3 38 43 4
20 5 42 7 32 8 84 12 21 33 10 31 52 44 65 17 6 58 19 98 63 24 51 22 38 95 43 3 4
21 5 42 7 32 8 84 12 21 33 10 31 52 44 17 65 58 6 19 98 63 24 51 38 22 43 3 95 4
22 5 7 42 8 32 84 12 21 33 52 31 10 17 44 65 58 6 19 98 63 24 51 38 22 43 3 95 4
23 5 7 42 8 32 84 12 21 33 31 52 10 17 44 65 58 6 19 98 63 24 51 22 38 3 43 95 4
L
a
p
s
Lapped riderWinner
Jerez de la Frontera, Sunday, May 04, 2014
These data/results cannot be reproduced, stored and/or transmitted in whole or in part by any manner of electronic, mechanical, photocopying, recording, broadcasting or otherwise now
known or herein after developed without the previous express consent by the copyright owner, except for reproduction in daily press and regular printed publications on sale to the public
within 60 days of the event related to those data/results and always provided that copyright symbol appears together as follows below.
© DORNA, 2014
Official MotoGP Timing by
www.motogp.com
TISSOT
