Lap Chart
GRAND PRIX OF JAPAN
Computerised results and timing service
5859m
Suzuka
125cc
22
Race
Pos
Grid 41
1
54
2
9
3
4
4
17
5
23
6
5
7
7
8
11
9
55
10
29
11
8
12
39
13
15
14
57
15
6
16
24
17
21
18
16
19
20
20
10
21
22
22
26
23
34
24
98
25
18
26
27
27
56
28
31
29
19
30
28
31
14
32
97
33
25
34
12
35
1 23 41 4 54 9 7 5 21 29 57 16 17 8 20 6 39 55 98 11 15 24 22 28 34 19 25 26 31 10 56 18 14
2 23 4 41 9 54 7 5 16 21 17 6 57 8 55 20 29 15 39 98 11 22 24 28 34 19 26 25 31 10 56 18 14
3 23 4 9 7 54 5 41 16 21 17 6 8 55 57 29 15 20 11 98 22 24 39 28 34 26 19 25 31 10 18 56 14
4 9 23 4 54 5 7 41 16 21 17 6 8 29 15 55 20 11 57 22 24 98 39 28 25 34 26 10 31 19 18 56 14
5 9 4 23 5 54 7 41 16 21 6 17 8 15 55 29 20 11 57 22 24 98 39 25 26 19 10 31 28 18 34 56 14
6 5 9 4 54 23 41 16 21 6 17 15 55 29 8 11 20 22 57 24 98 39 25 26 19 10 31 28 18 34 56 14
7 5 9 54 4 23 41 16 21 17 6 29 55 15 8 11 22 20 57 24 98 39 10 19 26 25 31 28 18 34 56 14
8 5 9 54 4 23 41 16 21 6 17 29 15 55 8 22 11 57 20 39 24 98 10 26 25 34 31 19 28 18 56 14
9 9 54 5 4 23 16 41 17 21 6 29 15 22 55 11 8 57 20 39 24 98 10 26 34 19 25 31 28 18 56 14
10 54 9 5 23 4 16 41 21 17 6 29 22 15 11 8 55 57 39 20 24 98 10 26 34 25 19 31 28 18 56 14
11 54 5 23 9 16 4 41 21 6 17 29 11 15 22 8 55 57 39 24 20 98 26 34 10 25 19 31 28 18 56 14
12 54 5 9 23 4 16 41 21 6 17 29 11 22 15 8 55 57 39 24 20 98 26 10 25 31 18 56 28 19 14
13 5 9 54 41 16 4 23 17 21 6 22 29 8 11 55 15 57 39 24 98 26 10 25 31 18 56 28 19 14
14 5 9 54 41 4 16 23 17 21 6 22 29 8 15 55 11 57 39 24 98 10 26 25 18 28 56 31 14
15 54 9 4 16 41 23 17 6 21 22 8 29 15 11 57 39 24 10 98 26 55 25 18 28 56 14
16 54 9 4 41 16 23 17 6 21 22 8 29 15 11 57 39 24 10 98 26 25 18 56 28 14
17 9 41 4 54 23 16 17 6 21 22 29 8 15 11 57 24 39 10 25 26 98 18 56 28 14
18 4 41 16 23 54 9 17 6 21 22 29 11 8 15 57 24 39 26 25 98 18 56 28 10 14
L
a
p
s
Lapped riderWinner
Suzuka, Sunday, April 08, 2001
MotoGP MotoGP MotoGP MotoGP MotoGP MotoGP MotoGP MotoGP MotoGP MotoGP MotoGP MotoGP MotoGP MotoGP MotoGP MotoGP MotoGP MotoGP MotoGP MotoGP MotoGP MotoGP MotoGP MotoGP MotoGP MotoGP MotoGP MotoGP MotoGP MotoGP MotoGP MotoGP MotoGP MotoGP MotoGP MotoGP MotoGP MotoGP MotoGP Moto
Official information of MotoGP
www.motograndprix.com
