Lap Chart
GRAND PRIX OF JAPAN
Computerised results and timing service
5859m
Suzuka
250cc
22
Race
Pos
Grid 74
1
5
2
15
3
6
4
99
5
21
6
8
7
31
8
44
9
81
10
9
11
10
12
12
13
87
14
46
15
48
16
37
17
66
18
7
19
22
20
18
21
19
22
20
23
42
24
50
25
49
26
57
27
47
28
55
29
11
30
98
31
45
32
16
33
23
34
1 74 5 31 15 8 21 6 99 44 10 7 18 9 46 22 37 66 50 87 47 42 57 48 45 12 20 98 55 11 81
2 74 31 5 15 21 8 99 6 44 10 18 9 46 22 37 50 87 66 42 47 57 48 12 81 45 20 55 98 11
3 74 31 15 5 21 8 99 6 10 44 18 9 46 22 37 50 87 66 42 48 57 47 12 81 20 55 98 45 11
4 74 31 15 5 21 8 99 44 10 6 18 46 9 37 22 50 87 66 42 57 48 47 12 20 55 98 45 11 81
5 74 31 15 5 8 21 99 10 44 6 18 46 9 37 22 87 66 50 42 57 48 47 12 20 55 98 45 11
6 74 31 15 5 8 21 99 10 44 6 18 46 9 37 22 66 87 50 57 42 48 47 12 20 55 98 11
7 74 31 15 5 8 21 99 10 44 46 18 9 37 22 66 87 50 57 42 12 47 20 55 98 48
8 74 15 31 5 8 21 10 99 44 46 18 9 37 66 87 22 50 57 42 12 20 47 55 48 98
9 74 15 31 8 5 21 99 44 10 18 46 9 87 37 66 22 50 57 42 12 20 55 47 48 98
10 74 15 31 8 5 21 99 44 10 18 9 46 37 66 87 22 57 50 42 12 20 55 47 48 98
11 74 15 31 8 5 21 44 99 10 18 9 46 37 66 87 22 57 50 42 12 20 55 47 48 98
12 74 15 31 8 5 44 21 99 10 18 9 46 66 37 22 87 57 50 42 12 20 55 47 48 98
13 74 15 31 8 5 44 21 99 10 18 9 46 37 66 87 22 57 50 42 12 20 55 47 48 98
14 74 15 31 8 5 44 21 99 10 18 9 46 37 66 57 87 22 50 42 12 20 47 55 48 98
15 74 15 31 8 5 44 21 99 18 10 9 46 37 66 57 87 50 42 12 20 47 55 48 98
16 74 15 31 8 5 44 21 99 46 9 10 57 66 87 50 42 37 12 20 47 55 48 98
17 74 15 31 8 5 44 21 99 9 46 10 57 66 87 50 42 12 20 48 47 55 98
18 74 15 31 8 44 5 21 99 9 46 10 57 87 66 50 12 42 20 48 47 55 98
19 74 31 15 8 44 5 21 99 9 46 10 66 87 12 50 42 57 20 48 47 55
L
a
p
s
Lapped riderWinner
Suzuka, Sunday, April 08, 2001
MotoGP MotoGP MotoGP MotoGP MotoGP MotoGP MotoGP MotoGP MotoGP MotoGP MotoGP MotoGP MotoGP MotoGP MotoGP MotoGP MotoGP MotoGP MotoGP MotoGP MotoGP MotoGP MotoGP MotoGP MotoGP MotoGP MotoGP MotoGP MotoGP MotoGP MotoGP MotoGP MotoGP MotoGP MotoGP MotoGP MotoGP MotoGP MotoGP Moto
Official information of MotoGP
www.motograndprix.com
