eni MOTORRAD GRAND PRIX DEUTSCHLAND
Computerised results and timing service provided by
3671 m.
Sachsenring
Moto2
Race
Lap Chart 19
TISSOT
Pos
Grid 93
1
60
2
36
3
19
4
8
5
12
6
95
7
15
8
38
9
29
10
72
11
88
12
3
13
5
14
77
15
14
16
40
17
24
18
71
19
4
20
30
21
76
22
50
23
18
24
22
25
45
26
80
27
57
28
11
29
21
30
44
31
10
32
49
33
82
34
1 93 36 60 38 29 19 8 77 95 12 15 5 71 40 3 72 30 14 4 88 76 80 50 18 57 22 49 44 24 11 21 10 82
2 93 36 60 38 29 19 77 8 12 15 95 71 40 5 3 72 30 14 4 88 76 80 18 24 50 49 57 44 22 11 21 10 82
3 93 36 29 38 60 19 77 15 8 12 40 71 3 95 5 72 30 14 88 4 80 76 18 24 49 50 44 57 22 11 21 10 82
4 93 29 36 38 19 60 77 15 12 40 3 8 71 95 72 5 30 14 80 88 4 18 76 24 49 50 44 57 22 11 21 10 82
5 93 29 36 38 19 15 77 60 40 12 3 71 8 72 95 5 30 14 80 4 18 88 24 76 49 50 44 22 11 10 21 82 57
6 93 29 36 38 19 15 77 40 3 12 60 71 8 72 5 95 30 80 14 4 18 88 76 49 50 44 22 11 10 21 82 57
7 93 29 36 38 15 19 3 77 40 12 60 71 8 72 5 95 80 14 30 4 18 88 76 49 50 44 11 10 82 21 57
8 29 93 36 15 38 19 3 77 12 40 71 60 8 72 5 80 95 14 4 18 30 88 76 49 50 44 11 10 82 21 57
9 93 29 36 15 38 3 19 77 40 12 71 60 72 8 80 5 14 95 4 18 88 30 76 49 50 44 10 11 82 21 57
10 93 29 36 15 38 3 19 40 12 77 71 60 72 8 80 5 14 95 4 18 88 30 76 49 44 50 10 11 82 21 57
11 93 36 15 38 3 19 40 12 77 71 72 60 8 80 5 14 4 95 18 88 30 76 49 44 50 29 10 11 82 21 57
12 93 36 15 38 3 40 19 12 77 71 72 60 80 8 5 14 4 18 88 95 30 76 49 44 50 29 10 11 82 21 57
13 93 36 15 38 3 40 12 19 77 71 72 60 80 8 5 14 4 18 88 95 76 30 49 44 50 29 10 11 82 21 57
14 93 36 15 38 3 40 12 19 71 77 72 80 60 8 5 14 4 18 88 95 76 30 49 44 50 29 10 11 82 21 57
15 93 36 15 38 40 3 12 19 71 77 72 80 5 60 8 4 14 18 88 95 76 30 49 29 44 50 10 11 82 21 57
16 93 15 36 40 3 38 12 19 71 77 72 80 5 60 14 8 18 88 95 76 30 29 49 44 50 10 11 82 21 4 57
17 93 15 36 40 3 38 12 19 71 77 80 5 60 18 88 14 8 95 76 30 29 49 44 50 10 11 82 21 4 57
18 93 15 36 40 3 12 38 19 71 77 80 5 60 18 88 14 8 95 76 30 29 44 50 10 11 82 49 21 4 57
19 93 15 36 40 12 3 38 19 71 77 80 5 60 18 88 14 8 95 76 30 29 44 50 10 11 82 21 4 57
20 93 15 36 40 12 3 38 19 71 77 80 5 60 18 88 14 8 95 76 29 30 44 50 10 11 21 4 57
21 93 15 36 40 12 3 38 19 71 77 80 5 60 18 88 14 95 8 29 76 30 44 50 10 11 21 4 57
22 93 15 36 40 12 3 38 19 71 77 80 5 60 18 88 14 95 8 29 76 30 44 50 10 11 21 4 57
23 93 15 36 40 12 3 38 19 71 77 80 5 60 18 88 14 95 8 29 76 30 44 50 10 11 4 21 57
24 93 15 36 40 12 3 38 19 71 77 80 5 60 18 88 14 95 8 29 76 30 44 50 10 11 4 21 57
25 93 15 36 40 12 3 38 19 71 77 80 5 18 60 88 14 95 8 29 76 30 44 50 10 11 4 21 57
26 93 15 36 40 12 3 38 19 71 77 80 5 18 88 60 95 8 29 76 30 44 50 10 11 4 21 57
27 93 36 15 40 12 3 38 19 71 77 80 5 18 88 60 95 8 29 76 30 44 50 10 11 4 21 57
28 93 36 15 40 12 3 38 19 71 77 80 5 18 88 60 95 29 8 76 30 44 50 10 11 4 21 57
29 93 36 15 40 12 3 38 19 71 77 5 80 88 18 60 29 95 8 76 30 44 50 10 11
L
a
p
s
Lapped riderWinner
Sachsenring, Sunday, July 08, 2012
These data/results cannot be reproduced, stored and/or transmitted in whole or in part by any manner of electronic, mechanical, photocopying, recording, broadcasting or otherwise now
known or herein after developed without the previous express consent by the copyright owner, except for reproduction in daily press and regular printed publications on sale to the public
within 60 days of the event related to those data/results and always provided that copyright symbol appears together as follows below.
© DORNA, 2012
Official MotoGP Timing by
www.motogp.com
TISSOT
