GRAN PREMI APEROL DE CATALUNYA
Computerised results and timing service provided by
4727 m.
Circuit de Catalunya
Moto3
Race
Lap Chart 31
TISSOT
Pos
Grid 39
1
42
2
44
3
12
4
25
5
7
6
32
7
8
8
23
9
10
10
61
11
41
12
11
13
19
14
89
15
63
16
84
17
77
18
9
19
17
20
99
21
5
22
31
23
58
24
57
25
53
26
65
27
22
28
29
29
3
30
16
31
4
32
86
33
1 42 39 12 25 44 7 8 32 61 23 63 10 41 19 11 84 4 89 57 99 17 77 58 5 22 65 3 29 16 86
2 39 25 12 42 44 7 8 32 23 63 10 61 41 19 11 84 99 89 57 4 5 17 58 77 65 22 3 29 16 86
3 12 25 42 44 7 39 8 32 63 23 10 61 41 84 19 11 99 57 4 5 89 17 58 77 22 65 3 29 16 86
4 42 12 25 7 39 44 8 10 32 84 63 11 61 41 19 99 5 57 4 17 58 89 77 65 22 3 29 16 86
5 42 7 12 25 39 44 8 10 32 63 41 61 99 19 17 4 5 89 57 77 58 65 22 3 29 16 84 86
6 42 12 7 25 39 44 8 10 32 63 41 99 61 19 5 4 17 57 89 58 65 77 22 3 29 16 84 86
7 12 42 7 8 25 39 44 10 99 32 63 41 61 5 19 4 57 89 17 65 58 77 22 29 3 16 84 86
8 42 8 12 25 7 39 44 32 10 99 41 63 61 5 19 4 89 57 65 17 58 22 77 3 29 16 84 86
9 42 25 12 39 7 44 8 10 63 32 99 41 5 61 19 89 4 57 65 17 58 22 77 3 16 29 84 86
10 42 25 12 39 7 44 8 10 32 63 5 41 99 61 19 89 4 65 58 57 17 22 77 16 29 3 84 86
11 42 12 25 39 7 44 8 5 32 41 10 63 61 99 19 89 4 65 58 57 17 22 77 3 16 29 84 86
12 39 25 12 42 7 44 8 5 32 41 10 63 61 19 89 99 4 58 65 17 57 22 77 3 16 29 84 86
13 25 12 42 7 39 44 8 5 10 63 32 41 61 89 99 19 4 58 17 57 65 22 77 3 16 29 86
14 25 12 42 7 39 44 8 5 10 63 32 41 61 89 99 19 4 17 57 58 65 77 22 3 16 29 86
15 25 12 42 39 7 44 8 5 63 32 10 61 41 89 99 19 4 57 58 65 17 22 77 16 3 29 86
16 25 12 42 39 7 44 8 63 32 10 5 61 41 99 89 19 4 65 17 57 58 22 77 16 3 29 86
17 39 42 25 12 7 44 8 10 32 63 5 41 61 99 89 19 4 65 17 57 58 22 77 3 29 16 86
18 39 42 25 12 7 44 8 63 5 10 32 41 61 99 89 19 4 17 65 58 57 22 77 3 16 29 86
19 39 42 25 12 7 44 8 5 10 63 41 61 32 99 89 19 4 65 17 22 58 57 77 3 29 16 86
20 39 42 25 12 7 44 8 10 5 32 41 61 99 89 63 19 4 17 65 22 57 58 77 3 29 16 86
21 39 42 25 12 7 44 8 32 61 41 89 10 99 5 63 19 4 65 17 58 57 77 22 3 29 16 86
22 39 42 25 12 7 44 8 10 63 61 32 41 89 99 5 19 4 65 17 58 77 22 29 3 16 57 86
L
a
p
s
Lapped riderWinner
Barcelona, Sunday, June 16, 2013
These data/results cannot be reproduced, stored and/or transmitted in whole or in part by any manner of electronic, mechanical, photocopying, recording, broadcasting or otherwise now
known or herein after developed without the previous express consent by the copyright owner, except for reproduction in daily press and regular printed publications on sale to the public
within 60 days of the event related to those data/results and always provided that copyright symbol appears together as follows below.
© DORNA, 2013
Official MotoGP Timing by
www.motogp.com
TISSOT
