Lap Chart
SKYY VODKA AUSTRALIAN GRAND PRIX
Computerised results and timing service
4448m
Phillip Island
125cc
22
Race
Pos
Grid 7
1
15
2
36
3
27
4
48
5
80
6
6
7
34
8
17
9
4
10
58
11
12
12
22
13
79
14
88
15
19
16
8
17
32
18
10
19
41
20
63
21
1
22
50
23
23
24
33
25
11
26
26
27
31
28
25
29
44
30
28
31
42
32
24
33
46
34
45
35
3
36
1 27 7 80 36 17 22 48 10 8 15 88 6 50 58 4 1 31 79 32 23 63 19 44 28 25 33 26 42 12 41 46 11 34
2 27 7 80 36 17 48 8 50 10 22 58 88 4 1 79 6 31 23 44 15 32 19 28 25 26 41 33 12 11 46 34
3 27 7 80 17 36 8 50 48 10 88 22 4 1 79 6 44 23 31 15 19 32 41 25 28 26 33 12 11 46 34 58
4 27 7 80 17 50 8 36 10 48 1 88 4 44 22 79 6 15 23 31 19 32 41 26 28 33 12 11 25 46 34 58
5 27 7 80 17 50 8 36 10 48 1 44 4 88 79 15 22 23 6 19 31 32 41 26 33 28 12 25 46 34 58 11
6 7 80 17 8 50 36 10 1 4 15 79 48 22 19 23 6 31 88 32 41 26 33 28 12 25 46 58 34 11
7 7 80 50 8 17 10 36 1 15 4 19 79 48 22 23 6 31 88 32 41 26 33 28 12 25 58 46 11
8 7 50 8 80 17 10 36 1 15 4 19 79 48 22 23 6 31 88 41 32 26 28 33 12 25 46 11
9 7 50 8 80 17 10 36 1 15 19 4 48 79 22 23 6 31 88 41 32 26 28 33 12 25 46
10 7 50 8 80 10 17 1 15 19 4 48 22 79 23 6 31 88 41 32 26 28 33 12 25 46
11 7 50 8 17 10 80 1 19 15 4 48 22 79 6 23 31 88 41 32 26 28 33 12 25 46
12 7 50 8 17 10 80 19 1 15 4 48 22 79 6 23 88 31 41 32 26 28 33 12 25 46
13 7 50 8 17 80 19 1 15 4 48 22 79 6 23 88 31 41 32 26 28 33 12 25 46
14 7 50 8 17 80 19 1 15 4 48 22 79 23 6 88 31 41 32 26 28 33 12 25 46
15 7 50 8 17 80 19 1 15 48 79 23 6 88 31 41 32 28 26 33 12 25 46
16 7 50 8 17 80 19 1 15 48 79 23 6 88 31 41 32 28 26 33 12 25 46
17 50 7 8 17 80 19 1 15 48 79 6 23 88 41 31 32 28 26 33 12 25 46
18 50 8 17 80 19 1 15 48 79 6 88 41 31 32 26 28 33 12 25 46
19 50 8 17 19 80 1 15 48 6 79 88 41 31 32 28 26 33 12 25 46
20 50 8 17 19 1 80 15 48 79 88 41 31 32 26 33 12 28 25
21 50 8 17 19 1 80 15 48 79 88 41 31 32 26 33 12 28
22 50 8 17 19 1 80 15 48 79 88 41 31 32 26 33 12 28
23 50 8 17 19 1 80 15 48 79 88 41 31 32 26 33
L
a
p
s
Lapped riderWinner
Phillip Island, Sunday, October 19, 2003
These data/results cannot be reproduced, stored and/or transmitted in whole or in part by any manner of electronic, mechanical, photocopying, recording, broadcasting or otherwise now
known or herein after developed without the previous express consent by the copyright owner, except for reproduction in daily press and regular printed publications on sale to the public
within 60 days of the event related to those data/results and always provided that copyright symbol appears together as follows below.
© DORNA, 2003
Official information of MotoGP
www.motograndprix.com
