SHELL ADVANCE MALAYSIAN MOTORCYCLE GP
Computerised results and timing service provided by
5548 m.
Sepang Circuit
125cc
Race
Lap Chart 19
TISSOT
Pos
Grid 93
1
60
2
38
3
11
4
18
5
12
6
6
7
99
8
7
9
94
10
44
11
35
12
29
13
8
14
73
15
24
16
45
17
33
18
17
19
39
20
77
21
14
22
88
23
16
24
28
25
71
26
53
27
21
28
47
29
23
30
87
31
10
32
19
33
1 93 7 38 60 12 11 18 94 44 29 24 33 8 14 88 73 77 6 16 45 71 39 35 28 21 53 87 10 47 23 19
2 60 7 93 11 38 12 18 94 44 24 29 33 73 8 14 88 77 6 45 39 16 35 28 21 53 87 10 47 23 19 71
3 60 93 7 38 12 11 94 24 18 44 29 33 73 8 14 88 6 77 45 35 39 16 28 53 21 87 10 47 23 19
4 60 38 7 93 94 12 11 44 24 18 29 33 73 8 88 14 6 77 35 45 39 16 28 53 21 87 10 47 23 19
5 60 38 94 7 12 93 11 44 24 18 29 33 73 8 6 88 14 77 35 39 45 16 28 53 21 87 47 23 19 10
6 60 38 7 11 93 94 44 24 12 18 29 33 8 73 6 88 14 77 35 45 39 16 28 53 21 87 47 23 19 10
7 60 38 7 11 93 94 24 44 12 18 29 33 8 73 6 14 88 35 77 45 39 16 28 53 21 87 23 47 19 10
8 60 38 7 11 93 94 44 24 12 18 33 29 6 8 73 14 88 35 77 39 45 16 28 53 21 87 23 47 19 10
9 60 38 7 93 94 11 44 24 12 18 33 29 6 8 73 14 88 35 77 39 45 28 16 53 21 87 23 47 19 10
10 60 38 44 11 7 24 93 12 18 33 29 6 8 73 14 88 35 77 39 28 16 53 21 45 87 23 47 19 94 10
11 60 38 44 11 24 93 18 33 12 7 29 6 8 73 14 88 35 77 39 28 16 53 21 87 23 47 19 10
12 60 38 44 93 24 11 18 33 7 12 29 6 8 73 14 88 35 77 39 28 16 53 21 87 23 47 19 10
13 60 38 44 11 24 18 7 33 12 29 6 73 8 14 88 35 77 39 28 16 53 21 87 47 23 19 10
14 38 60 44 11 7 24 18 33 12 29 6 8 73 14 88 35 77 39 28 16 53 21 23 47 19 87
15 38 60 44 7 11 24 18 33 12 29 6 8 73 14 88 77 35 39 28 16 53 21 23 47 19
16 38 60 44 7 11 18 24 33 12 29 73 8 6 14 88 77 35 39 28 16 53 21 23 47 19
17 60 38 44 24 33 18 11 12 29 6 8 73 14 88 35 77 39 28 16 7 53 21 23 47 19
18 60 38 44 33 18 11 12 29 6 8 73 88 35 77 39 28 16 53 21 23 47 19
19 60 38 44 33 18 11 12 29 6 8 73 88 35 77 39 28 16 53 21 23 47
L
a
p
s
Lapped riderWinner
Sepang, Sunday, October 25, 2009
These data/results cannot be reproduced, stored and/or transmitted in whole or in part by any manner of electronic, mechanical, photocopying, recording, broadcasting or otherwise now
known or herein after developed without the previous express consent by the copyright owner, except for reproduction in daily press and regular printed publications on sale to the public
within 60 days of the event related to those data/results and always provided that copyright symbol appears together as follows below.
© DORNA, 2009
Official MotoGP Timing by
www.motogp.com
TISSOT
