Lap Chart
CINZANO MOTORRAD GP DEUTSCHLAND
Computerised results and timing service
3508m
Sachsenring
125cc
22
Pos
Grid 41
1
4
2
16
3
5
4
3
5
1
6
54
7
23
8
9
9
29
10
26
11
11
12
32
13
12
14
18
15
39
16
15
17
8
18
22
19
21
20
53
21
51
22
78
23
74
24
17
25
35
26
34
27
24
28
75
29
77
30
76
31
1 16 41 4 29 74 8 17 24 77 34 51 26 53 21 78 75 76 32 22 35 5 9 1 11 39 12
2 41 16 4 29 74 8 17 34 24 26 51 21 77 78 53 32 75 22 76 35 9 5 1 11 39
3 41 16 4 29 74 8 17 26 34 51 21 78 24 32 53 77 22 75 35 76 9 5 11 1
4 41 16 4 29 8 17 74 26 34 51 21 78 32 24 53 77 22 35 75 76 9 5 11
5 41 16 4 29 8 17 74 26 34 21 32 51 24 53 22 77 35 75 9 76 5 11 78
6 41 16 4 29 8 17 74 26 21 34 32 51 24 22 53 35 77 9 75 76 5 11 78
7 41 16 4 29 17 8 74 26 21 32 34 51 22 24 35 77 9 75 5 76 11 78
8 41 16 4 8 29 26 74 32 21 34 17 22 51 24 35 77 9 75 5 76 78
9 41 4 16 8 29 26 32 21 74 34 22 17 51 35 24 9 77 5 75 76 78
10 41 4 16 8 29 32 26 21 34 74 17 51 22 35 24 77 5 75 76 9 78
11 41 4 16 8 32 29 21 26 74 34 17 22 51 35 24 5 77 75 76 78
12 41 4 16 8 32 26 21 29 34 74 17 22 51 35 24 5 77 75 76 78
13 41 4 16 32 26 21 8 29 34 74 22 17 51 35 24 5 77 75 76 78
14 41 4 16 32 26 21 29 8 34 74 22 17 51 35 24 5 77 75 76 78
15 41 4 16 32 26 21 29 8 22 34 74 17 51 35 24 5 77 75 76 78
16 41 4 16 32 21 26 29 8 22 34 17 74 51 35 5 24 77 75 76 78
17 41 4 16 21 32 26 29 8 22 34 17 51 74 35 5 24 75 77 76 78
18 41 4 16 21 32 26 29 8 22 34 17 51 74 5 35 24 75 77 76 78
19 41 4 16 21 32 26 29 8 22 34 17 51 74 5 35 75 77 76 24 78
20 41 4 16 21 32 29 8 26 22 34 17 51 74 5 35 75 77 76 78
21 41 4 16 21 32 26 29 8 22 34 17 51 74 5 35 75 77 76 78
22 41 4 16 21 32 26 29 8 34 22 17 51 74 5 35 75 77 78
23 41 4 16 21 32 26 29 8 34 22 17 51 74 5 35 75 77 78
24 41 4 16 21 32 26 29 8 34 22 17 51 5 74 35 75 77 78
25 41 4 16 21 32 26 8 29 22 34 17 51 5 74 35 75 77 78
26 41 4 16 21 32 26 8 29 22 34 17 51 5 74 35 75 77 78
27 41 4 16 21 32 26 8 22 29 34 17 51 5 74 35 75 77 78
28 41 4 16 21 32 26 8 22 29 17 34 51 5 74 35 75 77 78
29 41 4 16 21 32 26 22 8 29 17 34 51 5 74 35 75
L
a
p
s
Lapped riderWinner
Sachsenring, Sunday, July 23, 2000
MotoGP MotoGP MotoGP MotoGP MotoGP MotoGP MotoGP MotoGP MotoGP MotoGP MotoGP MotoGP MotoGP MotoGP MotoGP MotoGP MotoGP MotoGP MotoGP MotoGP MotoGP MotoGP MotoGP MotoGP MotoGP MotoGP MotoGP MotoGP MotoGP MotoGP MotoGP MotoGP MotoGP MotoGP MotoGP MotoGP MotoGP MotoGP MotoGP Moto
Official information of MotoGP
