Lap Chart
CINZANO MOTORRAD GP DEUTSCHLAND
Computerised results and timing service
3508m
Sachsenring
500cc
22
Pos
Grid 2
1
10
2
4
3
65
4
17
5
46
6
9
7
99
8
31
9
8
10
24
11
5
12
1
13
55
14
6
15
27
16
7
17
25
18
56
19
43
20
20
21
18
22
1 2 65 10 4 6 9 5 17 24 1 31 99 55 8 25 46 7 27 43
2 2 65 10 4 6 9 5 17 24 31 1 99 8 55 46 25 7 27 43
3 2 65 10 4 6 9 5 17 31 24 1 8 46 55 25 7 27 99 43
4 2 65 10 4 6 31 5 17 1 46 24 8 55 25 7 99 27 9 43
5 2 10 65 4 31 6 5 17 46 1 24 8 55 7 25 99 27 9 43
6 2 10 65 4 31 5 17 46 1 24 8 55 7 25 99 27 6 9 43
7 2 10 65 4 31 5 46 17 1 8 24 55 7 25 99 27 6 9 43
8 10 2 65 31 4 5 46 1 17 8 24 55 7 99 25 27 6 9 43
9 10 2 65 31 4 46 5 1 17 8 24 55 7 25 6 27 9 43
10 10 2 31 65 4 46 5 1 17 8 24 55 7 25 6 27 9 43
11 10 2 31 65 4 46 5 1 17 8 24 55 7 25 6 27 9 43
12 10 2 31 65 4 46 5 1 17 8 55 24 7 25 6 27 9 43
13 10 2 31 65 4 46 5 8 24 55 7 25 6 27 9 43
14 10 2 31 65 4 46 8 5 24 55 7 25 6 27 9 43
15 10 2 31 65 4 46 8 5 24 55 7 25 6 27 9 43
16 10 2 31 65 4 46 8 5 24 55 7 25 6 9 27 43
17 10 2 65 31 4 46 8 5 24 55 7 25 6 9 27 43
18 10 2 65 31 4 46 8 5 24 55 7 25 6 9 27 43
19 10 2 65 31 4 46 8 5 24 55 7 25 6 9 27 43
20 10 2 65 31 4 46 8 5 24 55 7 25 6 9 27 43
21 10 2 65 4 31 46 8 5 24 55 7 25 6 9 27 43
22 10 2 65 4 46 8 31 5 24 55 7 25 6 9 27 43
23 10 2 46 65 4 8 31 5 24 7 55 25 6 9 27 43
24 10 46 2 65 4 8 31 5 24 7 55 25 6 9 27 43
25 10 46 65 2 4 8 31 5 24 7 55 25 6 9 27 43
26 10 46 65 2 4 8 31 5 7 55 24 25 6 9 27 43
27 46 10 65 2 4 8 31 5 55 7 24 25 6 9 27 43
28 46 10 65 2 4 8 5 55 7 24 25 6 9 27 43
29 46 10 65 2 4 8 5 55 7 24 25 6 9 27 43
30 10 46 65 2 4 8 5 55 7 24 25 6 9 27 43
31 10 46 2 4 8 65 55 5 7 24 6 25 9 27
L
a
p
s
Lapped riderWinner
Sachsenring, Sunday, July 23, 2000
MotoGP MotoGP MotoGP MotoGP MotoGP MotoGP MotoGP MotoGP MotoGP MotoGP MotoGP MotoGP MotoGP MotoGP MotoGP MotoGP MotoGP MotoGP MotoGP MotoGP MotoGP MotoGP MotoGP MotoGP MotoGP MotoGP MotoGP MotoGP MotoGP MotoGP MotoGP MotoGP MotoGP MotoGP MotoGP MotoGP MotoGP MotoGP MotoGP Moto
Official information of MotoGP
