Lap Chart
CINZANO MOTORRAD GP DEUTSCHLAND
Computerised results and timing service
3508m
Sachsenring
250cc
22
Pos
Grid 19
1
4
2
35
3
26
4
56
5
6
6
74
7
77
8
14
9
21
10
44
11
9
12
30
13
16
14
25
15
10
16
22
17
24
18
20
19
41
20
8
21
23
22
15
23
31
24
37
25
11
26
78
27
80
28
42
29
18
30
75
31
76
32
79
33
1 19 4 35 56 74 26 77 9 10 16 8 44 22 30 20 80 15 11 37 18 42 23 76 75 41 21 78 79 31 14 6 24
2 19 4 35 56 74 26 77 9 10 44 16 8 22 30 15 37 80 11 21 18 23 42 76 41 78 75 79 14 31 6 20 24
3 19 4 56 35 74 26 77 9 10 44 16 8 22 37 21 30 11 15 23 18 42 76 41 78 75 14 31 79 6 20 24
4 19 4 56 74 35 26 77 9 10 44 16 8 22 21 37 11 30 15 18 23 42 76 41 78 75 14 31 79 6 20 24
5 19 4 56 74 26 77 35 9 10 44 16 8 22 21 37 11 15 18 30 23 42 41 76 14 78 75 31 6 79 20 24
6 19 4 56 74 26 77 10 9 44 8 35 16 21 22 37 11 15 18 23 14 41 42 78 76 75 31 6 30 20 79 24
7 19 4 56 74 26 77 10 44 9 8 16 21 35 22 37 11 18 15 14 23 42 78 76 6 75 31 20 79 24
8 19 4 56 74 26 77 10 44 9 8 16 21 37 35 22 11 18 14 15 23 42 6 78 76 75 31 20 24 79
9 19 4 56 74 26 77 10 44 8 9 16 21 37 22 35 14 11 18 15 23 6 42 78 76 75 31 24 20 79
10 19 4 56 74 26 77 44 10 8 9 16 21 37 22 35 14 11 18 15 6 23 42 78 76 31 75 24 20 79
11 19 4 56 74 26 44 10 77 8 9 21 16 37 22 14 11 6 35 18 23 15 42 78 76 31 75 24 20 79
12 19 4 56 74 26 44 77 10 21 8 9 16 37 22 14 6 11 23 15 18 42 78 76 31 35 75 24 20 79
13 19 4 56 74 26 44 77 10 21 8 9 16 37 22 14 6 11 23 18 15 42 78 76 31 75 24 20 79
14 19 4 56 74 26 44 77 21 10 8 9 16 37 22 14 6 11 23 18 15 42 78 76 31 75 24 20 79
15 19 4 56 74 26 44 21 77 10 8 9 16 37 22 14 6 11 23 18 15 42 78 76 31 75 24 20 79
16 19 4 56 74 26 44 21 77 8 10 9 16 37 22 14 6 23 11 18 15 42 78 31 76 75 24 20 79
17 19 4 56 74 26 44 21 8 10 77 9 16 37 14 6 22 23 11 18 15 42 31 78 76 75 24 20 79
18 19 4 56 74 26 44 21 8 10 77 9 16 14 6 37 22 11 23 18 15 31 42 78 76 75 24 20 79
19 19 4 56 74 26 44 21 8 10 77 9 16 14 6 37 22 11 23 18 15 31 42 78 76 24 75 20 79
20 19 4 56 74 26 44 21 8 10 9 77 16 14 6 37 22 11 23 18 31 42 78 76 24 75 15 20 79
21 19 4 56 74 26 44 21 8 10 9 16 14 6 22 37 11 23 18 31 42 78 76 24 75 15 77 20 79
22 19 4 56 74 26 44 21 8 10 9 16 14 6 22 37 11 23 18 31 42 78 76 24 75 15 20 79
23 19 4 56 74 26 44 21 8 10 9 16 14 6 22 37 11 23 18 31 42 76 78 24 15 75 20 79
24 19 4 56 74 26 44 21 8 10 9 16 6 14 22 37 11 23 18 42 31 76 78 24 75 15 20 79
25 19 4 56 74 26 44 21 8 10 9 16 6 14 22 37 11 23 18 42 31 76 24 78 75 15 20 79
26 19 4 56 74 26 44 21 8 10 9 16 6 14 22 37 11 23 18 42 31 76 24 78 75 15 20 79
27 19 4 56 74 26 44 21 8 10 9 16 6 14 22 37 11 23 18 42 76 31 24 78 15 75 20 79
28 19 4 56 74 26 44 21 10 8 9 6 16 14 22 37 11 23 18 42 76 24 31 78 15 75 20 79
29 19 4 56 74 26 44 21 8 10 9 6 16 14 22 37 11 23 18 42 76 24 31 78 15 75 20
30 19 4 56 74 26 44 21 6 9 14 16 10 22 8 37 11
L
a
p
s
Lapped riderWinner
Sachsenring, Sunday, July 23, 2000
MotoGP MotoGP MotoGP MotoGP MotoGP MotoGP MotoGP MotoGP MotoGP MotoGP MotoGP MotoGP MotoGP MotoGP MotoGP MotoGP MotoGP MotoGP MotoGP MotoGP MotoGP MotoGP MotoGP MotoGP MotoGP MotoGP MotoGP MotoGP MotoGP MotoGP MotoGP MotoGP MotoGP MotoGP MotoGP MotoGP MotoGP MotoGP MotoGP Moto
Official information of MotoGP
