Lap Chart
GRAND PRIX POLINI DE FRANCE
Computerised results and timing service
4180m
Le Mans
125cc
22
Race
Pos
Grid 34
1
41
2
48
3
27
4
15
5
3
6
4
7
1
8
80
9
12
10
33
11
6
12
23
13
36
14
8
15
7
16
79
17
22
18
17
19
24
20
11
21
26
22
32
23
19
24
42
25
58
26
31
27
63
28
10
29
72
30
74
31
25
32
73
33
14
34
86
35
1 41 3 27 34 15 4 7 12 8 17 80 22 6 24 32 79 31 23 11 26 58 19 10 42 14 63 25 78 21 74 72 86 73 85
2 3 41 34 27 4 7 15 12 8 17 22 24 80 6 32 23 79 58 11 42 31 26 19 10 63 14 25 72 78 21 74 86 73 85
3 3 41 34 4 7 27 15 8 22 17 12 24 23 6 32 58 80 42 79 11 19 10 26 31 63 14 72 25 21 78 86 74 73 85
4 3 34 41 4 7 27 15 22 8 17 12 24 23 6 32 80 11 19 10 79 26 31 63 14 72 25 21 86 78 73 74 85 58
5 3 34 4 41 7 15 27 22 8 17 12 23 24 6 80 10 32 19 79 11 26 31 63 14 72 25 86 21 78 73 74 85
6 3 34 4 41 15 7 27 22 17 8 12 23 6 24 80 10 19 32 79 11 26 31 63 14 72 25 86 21 78 73 74 85
7 3 34 4 41 15 7 27 22 17 8 12 6 24 23 19 10 80 32 79 11 26 31 63 14 72 25 86 21 78 73 74 85
8 3 34 4 41 15 7 27 22 17 8 12 6 23 24 19 10 80 79 32 11 26 63 31 14 72 25 86 21 78 73 74 85
9 3 4 34 41 15 7 27 22 17 8 12 6 23 24 19 80 10 79 32 11 63 26 31 14 72 25 86 78 21 73 74 85
10 3 4 34 41 15 22 7 27 17 12 8 6 23 80 19 24 10 79 32 11 63 26 31 14 25 86 78 21 73 74 85
11 3 34 4 15 41 22 27 7 17 12 8 6 23 80 19 10 24 79 32 11 63 26 31 14 25 78 21 73 74 86
12 3 34 4 15 41 22 27 7 17 8 12 6 23 80 19 10 24 79 32 11 63 26 31 14 25 78 21 73 74
13 3 34 4 15 41 22 27 7 17 8 12 6 23 80 19 24 10 79 32 11 63 26 31 14 25 78 21 73 74
14 3 34 4 15 41 22 27 7 17 8 12 6 23 19 80 24 10 79 32 11 63 26 31 14 25 78 21 74
15 3 4 34 15 41 22 27 7 17 8 12 6 23 80 19 24 10 79 32 11 63 26 31 14 25 78 21 74
16 3 4 34 15 41 27 22 7 17 12 8 6 23 80 19 24 10 79 32 11 63 26 31 14 25 78 21 74
17 3 4 34 15 41 27 22 7 17 8 12 6 23 80 24 10 79 32 11 63 26 31 14 78 25 21 74
18 3 4 34 15 41 27 22 7 17 8 12 6 80 23 24 10 79 11 63 26 31 14 32 78 25 21 74
19 3 4 34 15 41 27 22 7 17 8 12 6 80 23 24 10 79 11 63 26 31 14 78 25 21 74
20 3 4 34 15 41 27 22 7 17 8 12 80 6 23 24 10 79 63 11 26 31 14 25 78 21 74
21 3 4 34 15 41 27 22 7 17 12 8 80 6 23 24 10 79 63 11 26 31 14 78 25 21 74
22 3 4 34 15 41 27 22 7 17 12 8 6 80 23 24 10 79 63 11 26 31 14 78 25 21 74
23 3 4 34 15 27 41 22 7 17 12 8 6 80 23 24 10 79 63 11 26 31 14 78 25 21 74
24 3 4 34 27 22 41 7 17 12 8 80 6 23 24 10 79 63 11 26 31 14
L
a
p
s
Lapped riderWinner
Le Mans, Sunday, May 25, 2003
These data/results can not be reproduced, stored and/or transmitted in whole or in part by any manner of electronic, mechanical, photocopying, recording, broadcasting or otherwise now known or herein
after developed without the previous express consent by the copyright owner, except for reproduction in daily press and regular printed publications on sale to the public within 60 days of the event related to
those data/results and always provided that copyright symbol appears together as follows below.
© DORNA, 2003
Official information of MotoGP
www.motograndprix.com
