bwin GRAND PRIX CESKÉ REPUBLIKY
Results and timing service provided by
5403 m.
Automotodrom Brno
Moto3
Race
Lap Chart 31
Pos
Grid 42
1
25
2
10
3
8
4
39
5
12
6
94
7
61
8
7
9
44
10
17
11
84
12
32
13
19
14
57
15
23
16
3
17
77
18
41
19
31
20
5
21
89
22
11
23
63
24
9
25
53
26
29
27
58
28
65
29
22
30
4
31
16
32
66
33
95
34
21
35
1 39 25 42 12 94 8 10 17 44 61 7 19 23 57 84 63 77 41 11 53 9 5 65 89 95 66 22 3 16 4 21 29 58
2 42 25 12 39 94 8 10 17 44 7 23 84 61 19 57 77 63 53 5 41 11 89 9 95 3 65 66 16 22 4 29 58 21
3 25 12 39 42 94 17 10 8 44 84 23 61 7 19 57 53 11 77 89 5 63 41 9 95 65 3 66 16 4 22 29 58 21
4 25 12 39 42 94 17 8 10 44 84 23 61 7 19 57 53 11 89 5 77 41 63 9 95 3 65 66 16 4 22 29 58 21
5 12 25 42 39 94 8 17 10 44 84 23 61 7 19 57 53 11 89 5 77 41 63 3 65 9 95 66 16 22 4 29 21 58
6 42 25 12 39 94 8 17 10 84 44 23 61 7 19 57 53 11 5 89 77 41 3 63 65 9 95 66 16 22 4 29 58 21
7 42 25 12 39 8 94 17 10 44 84 23 61 7 19 53 57 11 5 3 89 77 41 65 63 95 66 9 16 22 4 29 21 58
8 42 25 12 39 8 94 10 17 84 44 23 61 7 19 11 53 3 57 89 77 5 65 41 63 95 9 16 66 22 4 29 58 21
9 25 12 42 39 8 94 10 17 44 84 7 23 61 19 3 53 11 89 57 5 65 77 63 41 95 16 9 66 22 4 29 21 58
10 25 12 42 39 8 94 10 17 84 44 23 7 61 19 3 53 89 11 5 65 57 63 41 95 77 16 9 66 22 4 29 58 21
11 25 12 42 39 94 8 10 17 84 23 44 7 61 19 53 11 3 5 89 65 63 57 77 95 41 16 9 66 22 4 29 21 58
12 25 12 42 94 39 10 8 17 44 84 23 7 61 19 53 5 11 3 63 89 65 77 41 57 95 16 9 66 22 4 29 21 58
13 25 12 42 94 39 10 8 17 44 84 23 7 61 19 5 53 11 63 65 89 3 57 95 9 66 22 4 16 29 21
14 25 42 39 12 94 10 8 17 44 84 23 7 61 19 5 53 11 65 3 63 89 57 95 9 22 66 4 16 29 21
15 42 25 39 12 94 10 8 17 44 23 84 7 19 61 5 11 53 65 3 57 63 89 95 22 9 66 4 16 29 21
16 42 39 12 25 94 10 8 17 44 84 7 23 19 61 11 5 53 63 65 3 57 89 95 22 9 66 16 4 29 21
17 39 42 25 12 94 10 8 44 84 17 23 7 19 61 11 5 53 63 65 3 89 57 22 95 9 16 66 4 29 21
18 12 42 39 25 94 10 8 84 44 7 23 17 19 61 5 53 63 65 3 89 11 57 22 95 9 16 4 66 29 21
19 39 25 94 42 12 10 8 84 44 23 7 19 17 61 63 53 65 5 89 3 11 57 22 95 9 16 66 4 29 21
L
a
p
s
Lapped riderWinner
Brno, Sunday, August 25, 2013
These data/results cannot be reproduced, stored and/or transmitted in whole or in part by any manner of electronic, mechanical, photocopying, recording, broadcasting or otherwise now
known or herein after developed without the previous express consent by the copyright owner, except for reproduction in daily press and regular printed publications on sale to the public
within 60 days of the event related to those data/results and always provided that copyright symbol appears together as follows below.
© DORNA, 2013
Official MotoGP Timing by
www.motogp.com
TISSOT
