Lap Chart
GAULOISES GP CESKE REPUBLIKY
Computerised results and timing service
5403m
Autodrom Brno
125cc
22
Pos
Grid 4
1
41
2
5
3
1
4
17
5
29
6
16
7
8
8
9
9
3
10
32
11
23
12
26
13
15
14
22
15
12
16
78
17
39
18
51
19
21
20
35
21
18
22
11
23
54
24
53
25
24
26
79
27
10
28
81
29
80
30
82
31
1 4 41 1 9 5 16 22 3 17 23 39 32 21 29 8 15 18 78 35 26 54 51 24 53 11 79 81 80 82
2 4 1 41 9 5 3 16 22 17 32 21 23 29 15 39 18 35 26 54 78 51 53 24 8 11 79 81 80 82
3 4 41 1 9 5 3 16 22 17 21 32 29 23 15 39 35 26 78 54 18 51 53 11 79 24 8 81 80 82
4 4 41 9 1 5 16 17 22 21 32 29 15 23 39 78 26 35 54 51 18 53 24 79 11 81 80 82 8
5 4 41 1 9 5 16 17 22 21 32 29 15 23 39 26 78 35 54 51 18 79 24 11 80 82 81
6 4 41 1 9 5 16 21 17 22 32 15 23 29 39 26 78 35 54 51 18 79 11 24 80 81 82
7 4 41 1 9 5 16 21 17 22 32 39 23 26 78 54 18 35 51 79 24 11 81 82 80
8 4 41 1 9 16 5 21 17 22 32 23 39 26 78 54 18 35 51 79 24 11 81 82
9 41 4 1 9 5 16 21 17 22 32 23 39 26 78 54 18 51 35 79 24 81 82
10 4 41 1 9 16 5 21 17 22 23 32 39 26 78 54 18 51 35 79 24 81 82
11 4 41 1 9 16 5 17 21 22 23 32 39 26 78 54 18 51 35 79 24 81 82
12 4 41 1 9 5 16 17 21 22 23 32 39 26 78 54 18 51 35 79 24 81 82
13 4 41 1 9 5 17 21 22 23 32 39 26 78 54 18 51 35 79 24 81 82
14 4 41 1 9 5 17 21 22 23 32 39 26 78 54 18 51 35 79 24 81 82
15 4 41 1 9 5 21 17 22 23 32 39 26 78 54 51 18 35 79 24 81 82
16 4 41 1 9 5 17 22 21 32 23 39 26 78 54 51 18 35 79 24 81 82
17 4 1 41 9 5 22 23 32 21 39 26 78 54 51 18 35 79 24 81 82
18 4 41 1 9 5 22 23 21 32 39 26 78 54 51 18 35 79 24 81 82
19 4 41 1 9 5 21 32 23 39 26 78 54 51 18 35 22 24 79
L
a
p
s
Lapped riderWinner
Brno, Sunday, August 20, 2000
MotoGP MotoGP MotoGP MotoGP MotoGP MotoGP MotoGP MotoGP MotoGP MotoGP MotoGP MotoGP MotoGP MotoGP MotoGP MotoGP MotoGP MotoGP MotoGP MotoGP MotoGP MotoGP MotoGP MotoGP MotoGP MotoGP MotoGP MotoGP MotoGP MotoGP MotoGP MotoGP MotoGP MotoGP MotoGP MotoGP MotoGP MotoGP MotoGP Moto
Official information of MotoGP
