Lap Chart
GAULOISES GP CESKE REPUBLIKY
Computerised results and timing service
5403m
Autodrom Brno
250cc
22
Pos
Grid 19
1
56
2
6
3
4
4
35
5
21
6
77
7
74
8
24
9
26
10
9
11
8
12
18
13
30
14
10
15
14
16
42
17
25
18
37
19
20
20
82
21
41
22
66
23
22
24
31
25
23
26
16
27
11
28
15
29
84
30
83
31
81
32
1 56 19 35 4 6 74 21 9 24 14 18 8 42 10 30 77 25 22 37 31 41 11 20 15 84 23 82 66 83 81 26
2 56 19 4 35 6 74 21 9 24 14 42 18 10 8 30 77 25 31 22 37 41 11 20 15 23 82 66 84 26 83 81
3 4 56 35 19 6 74 21 9 24 14 18 42 8 25 31 22 37 11 77 20 15 23 82 26 66 84 81 10
4 4 35 19 56 6 74 21 24 9 18 14 42 8 25 31 37 11 22 77 20 15 82 23 26 66 84 81 10
5 4 56 35 19 6 74 21 24 9 14 18 42 8 25 37 31 11 22 77 26 15 20 82 23 66 84 81 10
6 4 56 35 19 6 74 21 9 24 14 18 8 42 25 37 31 11 26 77 22 20 15 23 82 66 84 81 10
7 4 56 19 35 6 74 21 9 24 14 18 8 42 37 25 26 11 31 77 22 20 15 23 66 82 84 81 10
8 4 56 19 35 6 74 21 24 9 14 18 8 42 26 37 25 31 11 77 22 20 66 23 15 82 84 81
9 56 4 19 35 6 74 21 24 9 14 18 8 42 26 37 25 11 77 31 22 66 23 15 82 20 84 81
10 56 4 19 35 6 74 21 24 9 14 18 8 26 42 37 11 25 77 31 22 66 23 15 82 84 81
11 56 4 19 35 6 74 21 24 9 14 8 18 26 42 37 11 77 31 25 22 66 23 15 82 81 84
12 56 4 19 35 6 74 21 24 9 14 26 8 18 42 37 11 77 31 22 25 66 23 15 82 81 84
13 56 4 19 35 6 74 21 24 9 14 26 8 18 42 37 11 77 22 31 25 66 23 15 82 84 81
14 56 4 19 35 6 74 21 9 24 26 14 18 8 37 42 11 77 22 31 25 66 23 15 82 81 84
15 56 4 19 35 6 74 21 9 24 26 14 8 18 37 42 77 11 22 31 25 66 23 15 82 84 81
16 56 4 19 35 6 74 21 9 24 26 14 8 18 37 42 77 11 22 25 31 66 23 15 82 84 81
17 56 4 19 35 6 74 21 9 26 14 8 18 37 42 77 11 25 22 66 31 23 15 82 84 81
18 56 4 19 35 6 74 21 9 26 14 8 18 37 42 77 25 11 22 66 31 23 15 82 84 81
19 56 4 19 35 6 74 21 9 26 14 8 18 37 42 77 25 11 22 66 31 23 15 82 84 81
20 56 4 19 35 6 74 21 9 26 14 8 18 42 37 77 25 11 22 66 31 23 15 82
L
a
p
s
Lapped riderWinner
Brno, Sunday, August 20, 2000
MotoGP MotoGP MotoGP MotoGP MotoGP MotoGP MotoGP MotoGP MotoGP MotoGP MotoGP MotoGP MotoGP MotoGP MotoGP MotoGP MotoGP MotoGP MotoGP MotoGP MotoGP MotoGP MotoGP MotoGP MotoGP MotoGP MotoGP MotoGP MotoGP MotoGP MotoGP MotoGP MotoGP MotoGP MotoGP MotoGP MotoGP MotoGP MotoGP Moto
Official information of MotoGP
