GRAN PREMIO D'ITALIA TIM
Computerised results and timing service provided by
5245 m.
Mugello
125cc
Race
Lap Chart 19
TISSOT
Pos
Grid 5
1
39
2
33
3
7
4
18
5
11
6
25
7
55
8
26
9
96
10
44
11
99
12
77
13
15
14
84
15
23
16
21
17
50
18
53
19
10
20
94
21
74
22
31
23
3
24
63
25
52
26
95
27
17
28
43
29
19
30
30
31
56
32
36
33
88
34
1 18 5 39 33 55 25 7 11 15 26 84 96 23 63 53 17 74 44 94 77 21 10 50 3 52 95 19 43 99 88 56 30 36 31
2 18 5 39 7 25 55 33 11 15 84 96 23 94 44 63 53 77 17 10 74 50 52 3 95 99 19 43 88 56 30 31 36
3 18 5 39 25 7 55 33 11 15 84 23 94 44 96 77 53 10 17 50 95 74 63 52 99 3 19 88 43 31 30 56 36
4 18 5 25 7 39 55 33 11 94 15 44 23 96 84 77 53 10 50 95 74 17 52 99 3 63 31 88 19 43 30 56 36
5 18 5 25 7 39 55 33 11 94 44 15 23 84 96 77 53 95 10 50 74 52 3 17 99 31 88 19 63 43 30 56 36
6 18 5 25 7 39 55 33 11 94 23 44 84 15 77 96 53 10 50 95 17 3 74 99 52 31 88 63 19 43 30 56 36
7 18 5 25 7 55 39 33 11 94 23 77 44 15 84 96 53 95 10 3 17 74 99 31 52 63 19 43 56 30 36 50
8 18 5 25 7 55 39 33 11 94 23 77 44 84 15 53 95 3 10 17 74 31 99 52 63 19 43 56 30
9 18 5 25 7 55 39 33 94 11 23 84 44 77 15 95 53 3 74 10 17 31 52 99 63 19 43 30 56
10 18 5 25 7 55 39 94 11 33 44 84 23 77 15 53 3 95 74 10 17 31 52 63 19 43 30
11 5 18 25 7 55 39 94 33 11 44 84 23 77 15 53 74 31 95 3 10 17 52 63 19 43 30
12 5 18 25 7 55 39 94 33 11 44 84 23 15 77 53 31 95 74 10 3 17 52 63 19 43 30
13 5 18 25 7 55 39 94 33 11 44 84 23 15 77 31 53 95 74 3 10 52 17 63 19 43 30
14 5 18 25 7 55 39 94 33 11 44 84 23 15 77 31 74 95 3 53 52 17 10 63 19 43 30
15 5 18 25 7 55 39 11 33 94 44 23 84 15 77 31 3 74 95 53 52 17 10 63 19 43 30
16 5 18 55 25 7 39 11 94 33 44 84 23 15 77 74 31 3 95 53 52 17 10 63 19 43 30
17 5 18 55 25 7 39 11 33 94 44 84 15 23 77 74 3 53 52 31 95 17 10 63 19 43 30
18 5 18 25 55 7 39 11 33 44 84 23 77 15 74 3 31 53 95 52 17 10 63 19 43 30
19 5 18 25 55 7 39 11 33 44 23 84 77 15 31 3 74 53 52 10 17 63 95 19 43 30
20 18 5 25 7 55 39 33 11 44 23 84 77 15 53 52 10 17 63 95 19 43 31 30
L
a
p
s
Lapped riderWinner
Mugello, Sunday, July 03, 2011
These data/results cannot be reproduced, stored and/or transmitted in whole or in part by any manner of electronic, mechanical, photocopying, recording, broadcasting or otherwise now
known or herein after developed without the previous express consent by the copyright owner, except for reproduction in daily press and regular printed publications on sale to the public
within 60 days of the event related to those data/results and always provided that copyright symbol appears together as follows below.
© DORNA, 2011
Official MotoGP Timing by
www.motogp.com
TISSOT
