MOTUL GRAND PRIX OF JAPAN
Results and timing service provided by
4801 m.
Motegi
MotoGP
Race
Lap Chart 31
Pos
Grid 4
1
46
2
26
3
93
4
99
5
29
6
44
7
35
8
6
9
38
10
41
11
19
12
68
13
69
14
45
15
8
16
21
17
7
18
17
19
15
20
9
21
70
22
63
23
23
24
1 46 99 4 29 93 26 44 6 38 35 68 19 41 45 69 7 21 8 17 9 63 70 23 15
2 46 99 4 29 93 26 44 6 38 68 19 45 69 21 7 41 17 8 9 70 63 15 23
3 46 99 4 93 29 26 6 44 38 68 19 45 21 69 7 41 17 8 9 70 15 63 23
4 46 99 4 93 29 26 6 44 38 68 19 45 21 41 7 69 17 8 70 15 63 23 9
5 99 46 4 93 26 29 6 44 38 68 19 45 21 41 7 69 8 17 70 15 63 23
6 99 46 4 93 26 29 6 44 38 68 19 41 21 45 7 69 8 17 15 63 70 23
7 99 46 4 93 26 29 6 44 38 68 19 41 21 7 45 69 8 17 15 63 70 23
8 99 46 4 93 26 29 6 44 38 68 19 41 21 7 69 45 17 8 15 63 70 23
9 99 46 93 4 26 29 6 44 38 68 19 41 21 7 69 45 8 17 15 63 70 23
10 99 46 93 4 26 29 6 44 38 68 19 41 21 7 69 45 8 17 15 63 70 23
11 99 46 93 4 26 29 6 44 38 68 19 41 21 7 45 69 8 17 15 63 70 23
12 99 46 93 4 26 29 6 44 38 68 19 41 21 7 45 69 8 17 15 63 70 23
13 99 46 93 4 26 29 6 44 38 68 19 41 21 7 69 45 8 17 15 70 63 23
14 99 46 93 26 4 29 6 44 38 68 19 41 21 7 69 45 8 17 15 70 63 23
15 99 46 93 26 4 29 6 44 38 68 19 41 21 7 69 45 8 15 70 63 23
16 99 93 46 26 4 29 6 44 38 68 19 41 21 7 69 45 8 15 70 63 23
17 99 93 46 26 4 29 6 44 38 68 19 41 21 7 69 45 8 15 70 63 23
18 99 93 46 26 4 29 6 44 38 19 68 41 21 7 69 45 8 15 70 63 23
19 99 93 46 26 4 29 6 44 38 19 68 41 21 7 69 45 8 15 70 63 23
20 99 93 46 26 4 29 6 44 38 19 68 41 21 7 69 45 8 15 70 63 23
21 99 93 46 26 4 29 6 44 38 19 68 41 21 7 69 45 8 15 70 63 23
22 99 93 46 26 4 29 6 44 38 19 68 41 21 7 69 45 8 15 70 63 23
23 99 93 46 26 4 29 6 44 38 19 68 41 21 7 69 8 45 15 70 63 23
24 99 93 46 26 4 29 6 44 38 19 41 21 7 69 8 45 15 70 63 23
L
a
p
s
Lapped riderWinner
Motegi, Sunday, October 12, 2014
These data/results cannot be reproduced, stored and/or transmitted in whole or in part by any manner of electronic, mechanical, photocopying, recording, broadcasting or otherwise now
known or herein after developed without the previous express consent by the copyright owner, except for reproduction in daily press and regular printed publications on sale to the public
within 60 days of the event related to those data/results and always provided that copyright symbol appears together as follows below.
© DORNA, 2014
Official MotoGP Timing by
www.motogp.com
TISSOT
