           Motegi                  Results and timing service provided by
                                                                                                                                                                      Moto2
                                  MOTUL GRAND PRIX OF JAPAN
                                  Race
          4801 m.                 Lap Chart                                                                                                                                           31
Pos        1 2 3 4 5 6 7 8 9 10 11 12 13 14 15 16 17 18 19 20 21 22 23 24 25 26 27 28 29 30 31 32 33 34 35 36
Grid      53 12 5 40 36 30 60 21 49 23 11 22 19 81 94 77 55 88 54 96 7 14 8 72 39 18 71 20 95 4 70 10 25 65 84 97


     1    12    5 36 40 53 60 21 88 22 23 77 30 49 19 55 11 81 54 96                                 8 94     7 39 14 20 71 95 72              4 18 97 70 10 25 65
     2    12    5 40 36 53 60 21 88 22 23 77 49 19 55 30 11 54 81 96                                 8    7 94 39 14 95 71 20 72               4 97 18 70 25 10 65
     3    12    5 36 40 53 60 21 88 22 23 77 49 19 11 55 54 30 81                               8    7 94 96 39 14 95 71 20                4 72 97 18 70 25 10 65
     4    12    5 40 36 53 60 21 88 23 49 77 11 19 55 54 81                            8 30 94       7 39 95 14 96 71 20              4 72 18 97 70 25 10 65
     5    12    5 40 53 36 60 21 88 23 49 77 11 55 19 54 81                            8 30 94       7 39 95 14 96 71 20              4 72 18 97 70 25 10 65
     6    12    5 40 53 36 60 21 88 23 49 11 77 55 19 54 81                            8 30 94       7 39 95 96 14 71 20              4 72 18 97 70 25 10 65
     7    12    5 40 53 36 60 21 88 23 49 77 55 19 81                        8 30 94        7 39 95 96 14 71 20             4 72 18 70 97 25 10 65 11 54
     8    12    5 40 53 36 60 21 88 49 23 77 55 19 81                        8 94 30        7 39 95 96 14 20 71             4 18 72 70 25 97 10 65 54
     9    12    5 40 53 36 60 21 88 49 23 77 55 19 81                        8 94 30        7 39 96 95 14 20            4 71 18 72 70 25 97 10 65 54
    10    12 40 53 36         5 60 21 88 77 23 49 19 55 81                   8 94 30        7 39 96 95 14 20            4 71 18 72 25 70 97 10 65 54

L   11    12 40 53 36         5 60 21 88 77 49 23 19 55 81                   8 94 30        7 39 96 95 14 20            4 71 18 72 25 70 10 97 65 54
a   12    12 40 53 36         5 60 21 88 77 49 23 19 55 81                   8 94 30 39 96           7 14 20       4 71 18 72 25 70 10 97 95 65
p         12 40 53 36         5 60 21 88 77 49 23 55 19 81                   8 94 30 39         7 96 14 20         4 71 18 72 25 70 10 97 95 65
s
    13
    14    12 40 53 36         5 60 21 88 77 49 55 23 19 81                   8 94 30 39         7 96 14 20         4 71 18 72 25 10 97 70 65
    15    12 40 53 36         5 60 21 88 77 49 55 23 19 81                   8 94 30 39         7 96 14 20         4 71 18 25 72 10 97 70 65
    16    12 40 53        5 36 60 21 88 77 49 55 23 19 81                    8 94 30 39         7 96 14 20         4 71 18 25 72 10 97 70 65
    17    12 40 53        5 36 60 21 88 77 55 49 19 81 94                    8 30 39        7 96 14 20        4 71 18 25 72 10 97 70 65 23
    18    12 40 53        5 36 60 21 88 77 55 19 81 94                   8 30 39 96         7 14 20       4 71 18 25 72 10 97 70 65 23
    19    12 40 53        5 36 60 21 77 88 55 19 81 94                   8 30 39 96         7 14 20       4 71 18 25 10 72 97 70 65 23
    20    12 40 53        5 36 60 21 77 88 55 19 81 94                   8 30 39 96         7 14 20       4 71 18 25 10 72 97 70 23 65
    21    12 40 53        5 36 60 21 88 55 19 81 94 30                   8 39 96 77         7 14 20       4 71 18 25 10 72 97 70 23 65
    22    12 40 53        5 36 60 21 55 88 19 81 94 30                   8 39 96       7 77 14 20         4 18 71 25 10 72 97 70 23 65
    23    12 40 53        5 36 60 21 55 88 19 81 94 30                   8 39 96       7 77 14 20         4 18 71 25 10 72 97 70 23 65




          Winner                   Lapped rider
These data/results cannot be reproduced, stored and/or transmitted in whole or in part by any manner of electronic, mechanical, photocopying, recording, broadcasting or otherwise now
known or herein after developed without the previous express consent by the copyright owner, except for reproduction in daily press and regular printed publications on sale to the public
within 60 days of the event related to those data/results and always provided that copyright symbol appears together as follows below.
© DORNA, 2014

Official MotoGP Timing byTISSOT
www.motogp.com

Motegi, Sunday, October 12, 2014
