Lap Chart
GRAN PREMI MARLBORO DE CATALUNYA
Computerised results and timing service
4727m
Circuit de Catalunya
250cc
22
Race
Pos
Grid 74
1
31
2
10
3
5
4
99
5
44
6
7
7
15
8
81
9
6
10
8
11
12
12
21
13
66
14
9
15
50
16
42
17
46
18
57
19
37
20
18
21
20
22
22
23
16
24
98
25
11
26
38
27
23
28
36
29
45
30
1 31 5 74 7 81 10 44 8 9 6 99 18 15 42 46 66 37 16 12 57 22 50 11 45 38 21 36 20 98
2 31 74 7 5 81 44 10 8 9 99 18 15 42 6 46 66 37 57 12 16 50 22 11 21 38 45 36 20 98
3 31 74 5 7 44 81 10 99 8 18 15 9 42 6 46 66 37 57 12 50 22 16 21 11 38 45 36 20 98
4 74 31 5 7 44 99 81 10 18 8 15 9 42 6 46 66 37 57 12 50 21 22 16 11 38 45 36 20 98
5 74 31 5 7 44 99 81 10 15 18 8 9 6 42 46 66 37 12 57 50 21 16 22 38 11 20 36 45 98
6 74 31 5 44 7 99 81 10 15 8 18 9 6 46 66 42 37 12 50 57 21 22 16 38 11 36 20 98
7 74 31 5 44 7 99 15 81 10 8 18 9 6 66 46 42 37 12 50 57 21 16 22 38 11 36 98
8 74 31 5 44 7 15 99 81 10 8 9 18 66 6 46 42 37 12 50 57 21 16 22 11 38 36 98
9 74 31 5 44 7 15 99 81 10 9 8 18 66 6 46 42 37 12 50 57 21 16 22 11 38 36 98
10 74 31 5 44 7 15 99 10 81 8 18 9 66 6 46 42 37 12 50 57 21 22 16 11 38 36 98
11 74 31 44 7 15 99 81 10 8 9 18 66 6 46 42 37 12 50 57 21 22 16 11 38 36 98
12 74 31 44 7 15 99 10 81 66 8 9 18 6 46 42 37 12 50 57 21 16 22 11 38 36 98
13 74 31 44 15 7 99 10 81 66 8 9 18 6 46 42 37 12 50 57 21 22 16 11 38 36 98
14 74 31 44 15 7 99 10 81 66 9 8 18 6 46 42 37 12 50 57 21 22 16 38 11 36 98
15 74 31 44 15 7 99 10 81 66 8 18 9 6 46 42 12 37 50 57 21 16 22 38 11 36 98
16 74 31 44 15 7 99 10 81 66 8 18 6 9 46 42 12 37 50 57 21 22 16 38 11 36 98
17 74 31 44 15 99 7 10 81 66 18 6 8 9 46 42 12 37 50 57 21 22 16 38 11 36 98
18 74 31 44 15 99 7 10 81 66 6 18 8 9 46 12 42 37 50 57 21 22 16 38 11 36 98
19 74 31 44 15 99 7 10 81 66 6 18 8 46 9 12 42 37 50 57 21 16 22 38 11 36 98
20 74 31 44 15 99 7 10 81 66 6 8 18 46 9 12 42 37 50 57 21 22 16 11 38 36 98
21 74 31 44 15 99 7 10 81 66 6 8 18 46 9 12 42 37 50 57 21 22 16 11 38 36 98
22 74 31 44 15 99 10 7 81 66 18 8 46 6 9 12 37 42 50 57 21 16 22 11 38 36 98
23 74 31 44 15 10 99 7 81 66 8 6 18 46 9 12 42 37 50 57 21 22 16 11 38
L
a
p
s
Lapped riderWinner
Barcelona, Sunday, June 17, 2001
These data/results can not be reproduced, stored and/or transmitted in whole or in part by any manner of electronic, mechanical, photocopying, recording, broadcasting or otherwise now
known or herein after developed without the previous express consent by the copyright owner, except for reproduction in daily press and regular printed publications on sale to the public
within 60 days of the event related to those data/results and always provided that copyright symbol appears together as follows below.
© DORNA, 2001
Official information of MotoGP
www.motograndprix.com
