GRAN PREMI CINZANO DE CATALUNYA
Computerised results and timing service provided by
4727 m.
Circuit de Catalunya
125cc
Race
Lap Chart 22
TISSOT
Pos
Grid 44
1
63
2
18
3
45
4
24
5
33
6
1
7
38
8
29
9
6
10
11
11
35
12
17
13
93
14
7
15
51
16
77
17
34
18
73
19
22
20
99
21
71
22
5
23
8
24
21
25
27
26
12
27
60
28
30
29
16
30
14
31
56
32
95
33
75
34
19
35
69
36
31
37
78
38
76
39
1 18 44 33 29 6 17 45 63 1 93 24 35 73 51 60 7 34 11 77 71 99 5 8 27 16 38 30 75 14 19 69 21 56 31 78 95 76 22
2 33 18 44 29 6 45 63 17 24 1 35 93 51 60 7 77 11 73 71 99 34 27 8 5 16 38 30 19 14 21 69 75 56 31 78 95 76
3 33 18 6 44 63 45 29 17 1 24 93 35 51 60 77 7 11 73 71 99 27 34 8 5 16 38 30 19 21 56 14 75 69 31 78 95 76
4 33 18 63 44 45 6 17 24 1 93 35 29 51 60 77 7 11 73 71 99 27 34 8 5 38 16 30 19 56 21 14 75 69 78 31 95 76
5 63 18 33 45 44 24 6 1 93 35 29 17 51 60 11 77 7 73 71 99 27 34 38 8 16 5 30 19 21 56 14 78 69 75 31 95 76
6 33 63 18 45 44 24 6 1 17 35 93 29 51 60 11 7 77 73 71 99 27 38 34 16 8 5 30 56 21 19 14 78 69 75 95 31 76
7 63 18 33 44 45 24 6 1 17 93 35 29 51 11 60 7 77 73 71 99 27 38 34 5 8 16 30 56 21 19 14 78 69 75 31 95 76
8 63 18 44 45 6 24 1 17 35 93 29 51 11 60 7 77 73 71 99 27 38 34 5 33 8 16 30 21 56 19 14 78 69 75 31 95 76
9 63 18 44 6 24 1 45 17 35 93 29 51 11 7 60 77 99 71 73 27 38 34 5 16 8 33 30 21 56 19 14 78 69 95 31 75 76
10 63 18 6 24 44 1 45 17 93 35 29 51 11 60 7 77 71 99 27 73 38 34 5 33 8 16 30 56 21 19 14 78 69 95 31 75 76
11 63 18 6 24 44 1 45 17 35 93 11 29 51 60 71 77 27 99 7 38 34 73 33 5 16 8 30 56 21 19 14 95 78 31 69 75
12 63 18 44 24 6 1 45 17 35 11 51 93 29 99 77 71 27 34 60 38 7 73 33 5 16 8 30 56 19 21 14 95 69 78 75
13 63 18 44 6 1 24 45 17 35 11 51 93 29 99 77 71 27 34 60 7 38 33 73 5 16 8 30 56 21 19 14 95 69 78 75
14 18 63 6 44 24 1 45 17 35 11 51 93 29 99 71 77 34 27 33 60 38 7 73 16 30 56 21 19 8 14 95 69 75 78
15 63 18 44 6 1 24 45 17 11 35 51 29 93 99 33 77 34 27 71 38 60 7 73 16 30 21 56 19 14 95 69 75 78
16 63 18 6 44 1 24 45 17 11 35 51 93 29 33 99 34 77 27 71 38 60 7 73 16 30 56 21 19 14 95 69 75 78
17 63 18 6 44 1 24 45 17 11 35 51 93 29 33 99 34 77 27 38 71 60 7 73 16 30 56 21 19 14 95 69 78 75
18 63 18 44 6 1 24 45 17 51 11 93 33 99 34 27 77 38 71 60 7 35 30 16 73 56 19 14 95 69 78 75
19 63 18 44 1 6 24 17 45 51 11 93 33 99 27 34 77 38 71 60 7 35 30 16 56 19 73 14 95 69 78 75
20 63 18 44 1 24 17 45 51 11 93 33 99 27 38 77 34 71 60 7 30 16 56 19 73 35 14 95 69 75 78
21 63 44 1 24 17 45 11 51 33 93 99 38 77 71 34 27 7 60 30 16 56 73 19 14 95 69 75 78
22 63 44 1 17 24 45 51 11 33 93 99 77 71 38 34 7 60 27 30 16 56 73 19 95 69 75 78
L
a
p
s
Lapped riderWinner
Barcelona, Sunday, June 08, 2008
These data/results cannot be reproduced, stored and/or transmitted in whole or in part by any manner of electronic, mechanical, photocopying, recording, broadcasting or otherwise now
known or herein after developed without the previous express consent by the copyright owner, except for reproduction in daily press and regular printed publications on sale to the public
within 60 days of the event related to those data/results and always provided that copyright symbol appears together as follows below.
© DORNA, 2008
Official MotoGP Timing by
www.motogp.com
TISSOT
