Lap Chart
SKYY VODKA AUSTRALIAN GRAND PRIX
Computerised results and timing service
4448m
Phillip Island
125cc
22
Race
Pos
Grid 1
1
21
2
15
3
17
4
4
5
22
6
16
7
33
8
34
9
26
10
36
11
50
12
7
13
41
14
23
15
25
16
5
17
37
18
80
19
8
20
11
21
48
22
84
23
6
24
12
25
9
26
31
27
19
28
57
29
20
30
77
31
83
32
72
33
42
34
64
35
1 26 21 1 16 41 4 34 17 22 25 15 36 50 8 23 7 6 48 84 5 11 80 19 9 12 83 31 20 72 77 42 82 64 57
2 16 26 21 1 4 17 41 15 34 22 25 36 50 8 23 7 5 6 48 80 84 11 19 12 31 9 83 20 77 72 42 64 82 57
3 1 4 26 16 15 21 34 22 25 41 36 50 8 5 23 7 6 17 80 84 48 11 19 12 31 83 9 20 77 72 42 57 64 82
4 1 4 15 26 16 21 22 34 25 41 5 36 50 8 23 7 6 17 80 48 84 11 19 12 31 9 20 72 77 57 42 64 82 83
5 4 1 15 26 21 16 22 25 34 5 36 50 41 8 7 23 17 6 80 48 11 19 84 12 31 9 20 77 72 57 42 64 82 83
6 4 26 15 1 21 16 22 25 34 5 36 50 8 41 17 7 6 80 23 11 48 84 19 12 31 9 20 77 72 57 42 64 82 83
7 26 4 15 21 1 16 22 25 34 36 50 8 17 5 41 7 6 80 11 48 84 19 12 31 9 20 77 72 57 64 83 82
8 4 26 15 21 1 16 22 25 34 17 36 50 5 8 7 41 6 80 11 48 84 19 12 31 9 20 57 72 83 64 82
9 26 15 4 1 21 22 16 34 25 17 5 36 50 8 7 41 6 80 48 84 11 19 12 31 9 20 57 72 83 64 82
10 1 26 15 4 21 22 16 25 34 17 5 36 50 7 8 41 6 80 48 84 11 19 12 31 9 20 57 72 83 64 82
11 26 21 15 4 1 22 16 25 34 17 5 36 50 7 8 41 80 6 11 84 48 19 12 31 9 57 72 20 83 64 82
12 21 4 15 1 26 16 22 25 17 34 5 50 36 7 41 8 80 6 11 84 48 19 12 31 9 57 72 20 83 64 82
13 4 1 15 26 21 16 22 17 5 34 25 36 50 7 41 8 80 6 11 48 84 19 12 31 9 57 20 72 83 64 82
14 4 1 15 26 21 16 22 17 5 34 25 36 50 7 41 8 80 6 11 48 84 19 12 31 9 57 20 72 83 64 82
15 4 15 1 16 21 22 26 17 5 25 34 50 7 41 8 80 6 11 48 84 19 12 9 31 57 20 72 83 64 82
16 4 1 16 21 26 22 17 25 5 34 50 7 41 8 80 6 11 48 84 12 31 19 9 57 20 72 83 64 82
17 4 1 16 21 26 22 17 25 5 34 50 7 41 8 80 6 11 48 84 12 31 9 19 57 20 72 83 64 82
18 4 1 26 22 21 16 17 25 5 34 50 7 41 8 80 6 11 48 84 12 31 9 19 57 20 72 83 64 82
19 4 26 1 22 21 16 17 25 5 34 50 7 41 8 80 6 11 12 9 31 19 57 20 72 83 64 82
20 4 1 22 21 26 16 17 25 5 34 50 7 41 8 80 6 11 12 9 31 19 57 20 72 83 64 82
21 4 1 22 21 26 16 17 25 34 5 50 7 41 80 8 6 11 31 9 12 19 57 20 72 83 64 82
22 4 1 22 21 26 16 17 25 34 5 50 7 41 80 6 8 11 31 12 9 19 57 20 72 83 64 82
23 1 4 22 21 26 16 17 5 25 34 50 7 41 80 6 8 11 12 31 19 9 57 20 72
L
a
p
s
Lapped riderWinner
Phillip Island, Sunday, October 20, 2002
These data/results can not be reproduced, stored and/or transmitted in whole or in part by any manner of electronic, mechanical, photocopying, recording, broadcasting or otherwise now known or herein
after developed without the previous express consent by the copyright owner, except for reproduction in daily press and regular printed publications on sale to the public within 60 days of the event related to
those data/results and always provided that copyright symbol appears together as follows below.
© DORNA, 2002
Official information of MotoGP
www.motograndprix.com
