Lap Chart
GRAN PREMIO CINZANO D'ITALIA
Computerised results and timing service
5245m
Mugello
125cc
22
Race
Pos
Grid 41
1
24
2
9
3
50
4
7
5
5
6
4
7
23
8
17
9
29
10
16
11
54
12
8
13
39
14
10
15
22
16
6
17
31
18
15
19
11
20
21
21
18
22
25
23
51
24
28
25
34
26
27
27
19
28
26
29
12
30
52
31
20
32
14
33
1 7 4 16 29 24 21 54 23 5 50 10 15 17 19 41 9 28 11 25 39 51 12 31 8 20 26 18 22 27 34 52
2 7 16 4 23 54 29 21 24 10 5 50 17 15 9 19 11 41 28 25 39 12 31 51 20 8 26 18 22 27 52 34
3 16 4 23 54 21 29 5 10 24 50 17 15 9 11 19 41 28 39 12 25 31 20 51 8 22 18 26 27 52 34
4 4 16 23 54 21 29 10 5 50 24 17 15 11 19 28 41 39 12 25 20 31 51 22 8 27 26 18 52 34
5 4 16 23 54 21 29 10 5 50 24 17 11 15 19 28 41 39 12 25 20 31 8 22 51 27 18 26 52
6 16 4 23 54 21 29 5 10 50 24 17 11 15 19 28 41 39 25 12 20 31 8 22 51 27 18 26 52
7 23 16 4 54 21 5 29 10 17 24 50 15 11 19 28 39 41 12 25 20 31 8 22 27 51 18 26 52
8 23 16 4 54 5 21 29 10 24 17 50 15 19 28 39 41 25 12 20 31 8 27 22 51 18 52 26
9 23 16 4 5 54 21 29 10 24 50 17 15 19 28 39 41 25 12 20 31 8 27 22 51 18 52 26
10 23 16 5 54 4 21 29 10 24 50 17 15 19 28 39 41 25 12 20 31 27 8 22 51 18 52 26
11 23 16 5 54 4 21 29 10 24 17 50 15 19 28 39 41 12 25 20 31 27 8 22 18 51 52 26
12 23 16 5 54 4 21 29 10 24 17 50 15 19 28 39 41 12 25 20 31 27 8 22 18 52 51 26
13 23 16 5 54 21 4 29 10 24 17 50 15 19 28 39 41 12 25 20 31 8 27 22 52 18 26
14 23 5 16 54 21 29 4 24 10 50 15 17 28 19 39 12 25 41 20 31 27 8 52 18 26
15 5 23 16 54 29 21 4 24 10 50 15 17 28 19 39 25 12 41 20 31 27 18 52 26
16 5 23 16 54 29 24 21 4 10 15 50 17 19 28 39 25 12 41 20 31 27 52 26
17 5 23 16 54 29 24 21 4 10 15 50 17 19 28 39 25 12 41 20 31 27 52 26
18 5 23 54 16 24 29 21 4 10 15 50 17 19 28 39 25 12 41 20 31 27 52 26
19 5 23 54 16 24 29 21 4 10 15 50 17 19 28 39 25 12 41 20 31 27 52 26
20 5 23 54 24 16 29 21 4 10 15 50 17 19 28 39 25 12
L
a
p
s
Lapped riderWinner
Mugello, Sunday, June 03, 2001
These data/results can not be reproduced, stored and/or transmitted in whole or in part by any manner of electronic, mechanical, photocopying, recording, broadcasting or otherwise now
known or herein after developed without the previous express consent by the copyright owner, except for reproduction in daily press and regular printed publications on sale to the public
within 60 days of the event related to those data/results and always provided that copyright symbol appears together as follows below.
© DORNA, 2001
Official information of MotoGP
www.motograndprix.com
