GRAN PREMIO D'ITALIA TIM
Computerised results and timing service provided by
5245 m.
Mugello
Moto3
Race
Lap Chart 31
TISSOT
Pos
Grid 94
1
25
2
42
3
8
4
39
5
44
6
23
7
84
8
99
9
12
10
41
11
89
12
32
13
17
14
57
15
10
16
19
17
63
18
53
19
5
20
55
21
3
22
31
23
65
24
61
25
58
26
77
27
93
28
29
29
11
30
4
31
22
32
9
33
1 94 25 42 39 12 44 8 23 17 41 63 84 99 57 32 31 10 53 89 19 55 3 5 65 61 58 77 93 11 9 4 22 29
2 94 25 42 39 44 12 23 8 63 17 84 99 41 57 31 32 10 53 3 5 89 19 55 61 65 77 9 93 4 11 22 29 58
3 25 94 42 39 12 44 23 8 63 17 57 99 41 31 84 10 32 53 5 3 89 61 65 77 9 55 4 93 11 22 29 58
4 25 94 42 39 44 12 23 8 63 99 17 57 41 31 53 84 10 3 5 32 89 61 65 9 77 55 4 93 11 22 29
5 25 94 44 42 39 12 23 63 8 99 17 57 31 53 41 84 5 3 32 10 89 61 65 55 77 9 4 11 93 22 29
6 25 94 42 44 39 12 23 8 63 53 31 57 41 5 17 84 32 3 10 89 65 61 9 99 55 77 4 11 93 22 29
7 25 42 94 44 12 39 23 63 31 8 53 57 41 5 17 3 84 32 10 89 65 99 61 55 77 9 4 11 93 22 29
8 25 42 44 94 12 39 23 53 63 57 8 5 31 41 3 17 84 32 10 99 65 89 61 9 55 77 4 11 93 22 29
9 25 42 12 94 44 39 23 53 31 57 5 63 8 41 3 17 32 84 10 65 99 61 55 77 9 89 4 11 93 22 29
10 25 12 42 94 39 44 23 57 31 53 8 41 5 63 3 32 17 84 10 65 89 99 61 55 9 77 4 11 93 22 29
11 25 12 42 94 44 39 23 8 57 63 31 5 41 32 3 10 53 17 84 65 99 89 55 77 61 9 4 11 93 22 29
12 25 12 42 39 44 94 23 5 8 63 57 41 32 31 3 10 17 53 84 65 99 55 89 77 61 4 9 11 22 93 29
13 25 12 42 39 44 94 23 5 63 57 31 8 41 32 3 10 17 84 53 99 89 77 55 65 61 9 4 11 22 29 93
14 12 25 39 44 42 94 23 5 63 57 31 8 41 3 32 10 84 17 53 99 61 77 55 89 65 9 4 11 22 93 29
15 39 44 42 25 12 94 23 63 31 57 8 5 41 32 3 10 84 53 17 99 61 77 55 89 65 9 4 11 22 29 93
16 25 12 44 42 39 94 23 31 57 8 63 5 41 10 84 32 3 53 17 99 61 77 89 55 65 9 4 11 22 29 93
17 39 25 44 42 12 94 23 63 31 8 57 41 5 84 10 32 3 53 17 99 61 65 55 77 4 89 9 11 22 29 93
18 39 12 44 42 25 94 23 63 57 31 8 10 3 32 84 41 53 17 99 65 61 77 55 89 9 4 11 22 29 93
19 39 12 25 42 44 94 23 31 57 8 10 63 32 3 84 41 53 17 99 61 65 55 77 89 9 4 11 22 29 93
20 39 42 25 44 12 94 23 31 57 8 63 10 32 41 53 17 99 61 65 89 9 55 77 4 11 22 29 93
L
a
p
s
Lapped riderWinner
Mugello, Sunday, June 02, 2013
These data/results cannot be reproduced, stored and/or transmitted in whole or in part by any manner of electronic, mechanical, photocopying, recording, broadcasting or otherwise now
known or herein after developed without the previous express consent by the copyright owner, except for reproduction in daily press and regular printed publications on sale to the public
within 60 days of the event related to those data/results and always provided that copyright symbol appears together as follows below.
© DORNA, 2013
Official MotoGP Timing by
www.motogp.com
TISSOT
