Lap Chart
GAULOISES DUTCH TT
Computerised results and timing service
6027m
Assen
125cc
22
Race
Pos
Grid 26
1
4
2
15
3
36
4
21
5
1
6
47
7
17
8
32
9
33
10
22
11
25
12
5
13
23
14
41
15
48
16
50
17
16
18
34
19
8
20
18
21
19
22
39
23
80
24
84
25
75
26
57
27
20
28
6
29
31
30
66
31
24
32
61
33
60
34
89
35
1 26 25 15 5 4 1 17 41 36 8 32 21 47 34 23 16 48 33 22 18 84 19 66 80 6 39 31 57 50 89 7 75 20 24 60
2 26 25 15 4 5 1 17 41 36 32 8 21 34 47 23 16 22 48 33 84 18 19 66 6 80 50 39 31 57 75 20 89 24 60 61
3 26 25 15 1 4 17 41 21 5 36 34 32 8 23 16 47 22 33 48 84 19 6 80 50 18 39 66 75 57 20 31 89 24 60 61
4 26 1 4 25 15 17 41 21 5 34 36 32 16 8 23 22 47 33 48 84 50 6 19 80 18 66 39 75 20 31 57 89 24 61 60
5 26 4 1 15 17 21 25 41 5 34 36 32 16 23 8 22 47 33 84 48 50 6 19 80 18 39 66 75 57 31 20 24 89 61 60
6 26 4 1 15 17 21 25 5 36 34 41 16 32 23 22 47 8 33 48 84 19 50 80 6 18 39 66 75 57 31 20 24 89 60 61
7 26 4 1 17 21 25 15 36 5 16 34 41 23 32 22 47 8 33 48 84 80 19 50 18 6 39 66 75 57 31 20 24 89 60 61
8 26 4 1 17 25 21 36 5 15 16 34 41 23 32 22 47 8 33 48 84 80 50 39 19 18 6 66 75 57 31 20 24 89 60 61
9 26 4 1 25 17 21 36 15 5 16 34 41 23 32 22 47 8 33 48 84 80 50 39 6 18 19 75 66 57 31 20 24 89 61 60
10 26 25 4 1 21 17 15 36 5 16 34 41 23 32 22 47 8 33 48 84 39 80 50 6 18 19 75 66 57 31 20 24 89 61 60
11 26 25 4 21 1 17 15 5 36 16 34 41 23 22 32 47 8 33 48 84 39 80 50 6 18 19 75 66 57 31 20 24 89 60 61
12 26 4 21 25 1 17 16 5 15 36 34 41 22 32 23 47 33 8 48 84 39 80 6 50 19 18 75 66 57 31 20 24 89 60 62
13 26 4 25 1 21 17 16 36 15 22 5 34 47 23 41 32 33 8 48 84 80 39 6 50 18 19 75 57 66 31 20 89 24 60 62
14 26 25 4 1 17 21 15 36 22 47 5 23 41 16 34 32 33 8 48 84 39 80 6 50 18 19 75 57 66 31 20 24 89 60 62
15 26 4 1 25 17 21 36 22 5 15 47 41 23 34 16 32 33 8 48 84 80 39 6 50 19 18 75 57 66 31 20 24 89 60 62
16 26 4 25 1 21 17 22 41 36 15 47 5 23 34 16 8 84 48 39 80 50 6 18 19 75 57 66 31 20 89 24 33 60 62
17 26 1 25 21 4 17 22 41 15 47 34 16 23 5 8 48 39 50 6 80 19 18 75 57 66 31 20 24 33 89 60
L
a
p
s
Lapped riderWinner
Assen, Saturday, June 29, 2002
These data/results can not be reproduced, stored and/or transmitted in whole or in part by any manner of electronic, mechanical, photocopying, recording, broadcasting or otherwise now known or herein
after developed without the previous express consent by the copyright owner, except for reproduction in daily press and regular printed publications on sale to the public within 60 days of the event related to
those data/results and always provided that copyright symbol appears together as follows below.
© DORNA, 2002
Official information of MotoGP
www.motograndprix.com
