Lap Chart
GRAN PREMIO MARLBORO DE ESPAÑA
Computerised results and timing service
4423m
Jerez
125cc
22
Pos
Grid 4
1
41
2
1
3
5
4
9
5
16
6
8
7
32
8
22
9
23
10
3
11
26
12
12
13
11
14
54
15
29
16
15
17
17
18
18
19
21
20
39
21
51
22
24
23
35
24
19
25
53
26
45
27
44
28
43
29
1 32 5 41 4 9 1 3 8 26 12 23 21 54 17 19 11 24 18 39 44 35 29 51 15 53 43 45
2 32 5 41 4 1 3 9 26 8 12 54 21 23 17 19 11 18 24 39 29 44 15 35 51 53 43 45
3 41 32 5 4 1 3 9 26 8 12 54 21 23 17 11 19 18 24 39 29 15 44 35 51 53 43 45
4 41 5 4 32 1 3 9 26 8 12 54 21 23 17 11 18 19 39 24 29 15 35 44 51 53 43 45
5 41 4 5 1 3 9 32 26 8 12 54 21 23 11 17 18 19 39 24 29 15 35 44 53 51 43 45
6 41 4 1 5 3 9 32 26 8 12 23 54 21 17 11 18 19 39 29 24 15 35 51 53 44 43
7 1 41 4 5 3 32 9 26 8 12 54 23 21 11 17 19 18 39 29 15 24 35 51 53 44 43
8 1 41 32 3 4 5 9 26 54 23 12 8 21 11 17 18 39 29 15 24 35 51 53 44 43
9 1 32 41 4 3 9 5 26 54 12 21 23 8 17 18 11 39 29 15 24 35 51 53 44 43
10 1 32 41 3 4 9 5 26 12 54 21 23 8 17 18 29 39 15 24 35 51 53 44 43 11
11 1 32 4 9 3 5 41 26 54 21 23 12 17 29 18 39 8 15 24 51 35 53 44 43
12 1 32 4 3 9 41 5 26 21 54 23 12 17 29 39 18 15 8 24 51 35 53 44 43
13 1 32 4 3 9 5 41 26 21 54 23 12 29 17 39 18 15 24 51 53 35 43 44
14 1 32 4 3 9 5 41 26 21 54 23 12 29 17 39 18 15 24 53 51 35 44 43
15 1 32 4 3 9 5 41 26 21 54 23 12 29 17 39 18 15 24 53 51 35 44 43
16 32 1 4 3 9 5 41 26 54 21 12 23 29 17 39 18 15 24 53 51 35 44 43
17 32 1 4 3 9 5 41 26 21 54 12 23 17 29 39 15 18 24 53 51 35 44 43
18 32 1 4 3 9 5 41 26 21 54 12 23 17 29 39 15 18 24 53 35 51 44 43
19 1 32 4 3 9 5 41 26 21 54 12 23 17 29 39 18 15 24 53 35 51 44 43
20 1 32 4 3 9 5 26 41 21 54 17 23 29 12 39 15 18 24 53 35 51 44 43
21 1 32 4 3 9 5 26 41 21 54 17 29 23 12 39 15 18 24 53 35 51 44 43
22 1 32 4 3 5 9 26 41 21 54 17 29 23 12 39 15 18 24 53 35 51 44 43
23 1 32 4 3 5 9 26 21 54 17 29 23 12 39 15 18 24 53 35 51 41 44 43
L
a
p
s
Lapped riderWinner
Jerez de la Frontera, Sunday, April 30, 2000
MotoGP MotoGP MotoGP MotoGP MotoGP MotoGP MotoGP MotoGP MotoGP MotoGP MotoGP MotoGP MotoGP MotoGP MotoGP MotoGP MotoGP MotoGP MotoGP MotoGP MotoGP MotoGP MotoGP MotoGP MotoGP MotoGP MotoGP MotoGP MotoGP MotoGP MotoGP MotoGP MotoGP MotoGP MotoGP MotoGP MotoGP MotoGP MotoGP Moto
Official information of MotoGP
