Lap Chart
GRAN PREMIO MARLBORO DE ESPAÑA
Computerised results and timing service
4423m
Jerez
500cc
22
Pos
Grid 4
1
4
2
46
3
46
4
7
5
7
6
2
7
2
8
1
9
1
10
65
11
65
12
8
13
8
14
10
15
10
16
99
17
99
18
55
19
55
20
31
21
31
22
24
23
24
24
17
25
17
26
6
27
6
28
25
29
25
30
5
31
5
32
9
33
9
34
11
35
1 2 2 10 10 46 46 7 7 4 4 8 8 24 24 6 6 55 55 1 1 31 31 65 65 5 5 99 99 17 17 9 9 11 11 25
2 2 2 46 46 10 10 7 7 8 8 4 4 24 24 1 1 6 6 99 99 55 55 65 65 31 31 5 5 9 9 17 17 11 11 25
3 2 2 46 46 10 10 7 7 24 24 8 8 1 1 99 99 6 6 65 65 55 55 31 31 9 9 5 5 17 17 4 4 11 11 22
4 2 2 46 46 10 10 7 7 24 24 1 1 99 99 8 8 6 6 65 65 9 9 55 55 31 31 5 5 17 17 11 11 22 22 12
5 2 2 46 46 10 10 7 7 24 24 99 99 1 1 8 8 6 6 65 65 9 9 55 55 31 31 5 5 17 17 11 11 22 22 12
6 2 2 46 46 10 10 7 7 24 24 1 1 99 99 8 8 9 9 6 6 65 65 55 55 31 31 5 5 17 17 11 11 22 22 12
7 2 2 46 46 10 10 7 7 24 24 1 1 8 8 99 99 9 9 65 65 6 6 31 31 55 55 5 5 17 17 11 11 22 22 12
8 2 2 46 46 7 7 10 10 1 1 24 24 8 8 99 99 9 9 65 65 6 6 31 31 55 55 5 5 17 17 11 11 22 22 12
9 2 2 46 46 7 7 10 10 1 1 24 24 8 8 99 99 9 9 65 65 6 6 31 31 55 55 5 5 17 17 11 11 22 22 12
10 2 2 46 46 7 7 10 10 1 1 24 24 8 8 9 9 99 99 65 65 6 6 31 31 5 5 55 55 17 17 11 11 22 22 12
11 2 2 7 7 10 10 46 46 1 1 24 24 8 8 9 9 99 99 65 65 6 6 31 31 5 5 55 55 17 17 11 11 12 12 22
12 2 2 7 7 10 10 46 46 1 1 24 24 8 8 99 99 9 9 65 65 6 6 5 5 31 31 55 55 17 17 11 11 12 12 15
13 2 2 7 7 10 10 46 46 1 1 24 24 8 8 99 99 9 9 65 65 6 6 5 5 55 55 31 31 17 17 12 12 15 15 11
14 2 2 7 7 46 46 10 10 1 1 24 24 8 8 99 99 9 9 65 65 6 6 5 5 55 55 31 31 17 17 12 12 15 15 11
15 2 2 7 7 46 46 10 10 1 1 24 24 8 8 99 99 9 9 65 65 6 6 5 5 55 55 31 31 17 17 12 12 15 15 11
16 2 2 7 7 46 46 10 10 1 1 24 24 8 8 9 9 65 65 6 6 5 5 55 55 31 31 17 17 12 12 15 15 11 11
17 2 7 10 46 24 1 8 9 65 55 31 17 12 15 11
18 2 7 46 10 1 8 9 65 55 17 31 15 11
19 2 7 46 10 1 8 9 65 55 17 31 15 11
20 2 7 46 1 10 8 9 65 55 17 31 15 11
21 2 7 46 1 10 8 9 65 55 17 31 15 11
22 2 7 46 1 10 8 9 65 55 17 31 11 15
23 2 7 46 1 10 8 65 9 55 17 31 11 15
24 2 7 46 1 10 8 65 9 55 17 31 11 15
25 2 7 46 1 8 10 65 9 55 17 31 11 15
26 2 7 46 1 10 65 9 55 17 8 31 11 15
L
a
p
s
Lapped riderWinner
Jerez de la Frontera, Sunday, April 30, 2000
MotoGP MotoGP MotoGP MotoGP MotoGP MotoGP MotoGP MotoGP MotoGP MotoGP MotoGP MotoGP MotoGP MotoGP MotoGP MotoGP MotoGP MotoGP MotoGP MotoGP MotoGP MotoGP MotoGP MotoGP MotoGP MotoGP MotoGP MotoGP MotoGP MotoGP MotoGP MotoGP MotoGP MotoGP MotoGP MotoGP MotoGP MotoGP MotoGP MotoGP MotoGP MotoGP MotoGP MotoGP MotoGP Mot
Official information of MotoGP
