Lap Chart
CINZANO RIO GRAND PRIX
Computerised results and timing service
4933m
Nelson Piquet
250cc
22
Pos
Grid 35
1
19
2
74
3
21
4
56
5
4
6
6
7
30
8
37
9
24
10
42
11
9
12
14
13
26
14
10
15
66
16
8
17
20
18
11
19
18
20
22
21
25
22
77
23
41
24
23
25
31
26
16
27
15
28
67
29
68
30
1 19 4 74 35 21 14 9 8 10 24 37 6 42 56 20 25 31 41 18 26 22 77 23 11 15 67 68
2 19 74 35 4 21 14 9 8 6 10 24 37 56 42 20 31 25 41 18 22 11 77 23 15 26 68
3 74 35 4 21 14 9 6 8 10 56 24 37 42 20 31 25 18 22 41 11 15 26 23 77 68 19
4 74 4 35 21 14 6 56 9 10 8 37 24 42 20 25 18 22 41 11 15 26 23 31 68 19 77
5 4 74 35 21 6 56 14 9 37 10 24 42 8 20 18 22 25 11 41 15 26 23 19 31 68
6 4 74 35 21 6 56 14 9 37 24 10 8 20 18 22 25 11 41 15 26 23 19 42 31
7 4 74 35 21 56 6 14 9 37 24 10 8 20 18 22 25 11 41 26 15 23 19 31 42
8 74 4 35 21 56 6 14 9 37 24 8 10 20 25 22 18 11 41 26 15 23 19 31
9 74 4 35 21 56 6 14 9 37 24 8 10 20 25 18 22 11 26 23 41 15 19 31
10 74 4 35 56 6 21 14 9 37 24 8 10 20 25 18 22 11 26 23 41 15 19 31
11 74 4 35 56 6 21 14 9 37 24 10 8 20 25 18 22 11 26 19 23 15 41 31
12 74 4 35 56 6 14 21 9 37 24 8 20 10 11 25 22 19 26 23 15 41 31
13 74 4 35 56 6 14 21 9 37 24 20 8 10 11 19 25 22 26 23 15 41 31
14 74 4 35 56 6 14 21 9 37 24 8 10 19 11 25 22 23 26 15 41 31 20
15 4 74 35 56 6 14 21 9 37 24 8 10 19 11 25 22 23 26 15 41 31 20
16 74 4 35 56 6 14 21 9 37 24 8 10 19 25 11 22 23 26 15 41 31 20
17 74 4 35 56 6 14 21 9 24 37 8 10 25 11 22 23 26 15 41 31 20
18 74 35 4 56 6 14 21 9 24 37 10 8 25 11 22 23 26 15 41 31 20
19 74 4 35 56 6 14 21 9 24 37 10 8 25 11 22 23 26 15 41 31 20
20 35 4 74 56 6 14 21 9 24 37 10 8 25 11 22 23 26 15 41 31 20
21 35 4 74 56 6 14 21 9 24 37 8 10 11 23 22 25 26 15 41 31 20
22 74 4 35 56 14 6 21 9 24 37 10 8 11 22 23 25 26 15 41 31 20
L
a
p
s
Lapped riderWinner
Rio de Janeiro, Saturday, October 07, 2000
MotoGP MotoGP MotoGP MotoGP MotoGP MotoGP MotoGP MotoGP MotoGP MotoGP MotoGP MotoGP MotoGP MotoGP MotoGP MotoGP MotoGP MotoGP MotoGP MotoGP MotoGP MotoGP MotoGP MotoGP MotoGP MotoGP MotoGP MotoGP MotoGP MotoGP MotoGP MotoGP MotoGP MotoGP MotoGP MotoGP MotoGP MotoGP MotoGP Moto
Official information of MotoGP
