Lap Chart
CINZANO RIO GRAND PRIX
Computerised results and timing service
4933m
Nelson Piquet
125cc
22
Pos
Grid 4
1
41
2
16
3
32
4
54
5
8
6
23
7
15
8
3
9
5
10
12
11
21
12
22
13
9
14
1
15
17
16
51
17
11
18
39
19
26
20
34
21
18
22
24
23
35
24
29
25
53
26
90
27
89
28
52
29
87
30
1 41 4 16 22 3 12 8 32 39 54 21 18 17 23 9 1 26 15 5 34 11 24 51 35
2 41 4 16 3 22 32 12 54 8 39 21 17 18 23 26 1 9 15 5 34 11 24 35 51
3 41 4 32 3 16 22 54 12 8 21 17 39 18 1 23 9 26 15 5 11 34 24 35 51
4 41 32 4 3 16 54 22 12 8 21 1 9 17 39 23 26 18 15 5 34 11 51 35 24
5 41 32 4 54 3 16 22 12 8 21 1 9 17 23 26 15 5 39 18 34 11 51 35 24
6 41 32 4 54 3 16 22 8 12 1 21 9 23 17 26 15 5 18 39 34 11 51 35 24
7 41 32 4 3 16 22 12 8 1 9 21 23 17 26 15 5 39 18 34 51 11 35 24
8 41 32 3 16 22 8 12 1 9 21 23 17 26 5 15 39 18 34 51 11 35 24
9 41 32 3 16 22 8 12 1 9 23 21 17 26 15 5 39 18 51 34 11 35 24
10 41 32 16 3 22 8 1 9 12 23 21 15 17 26 5 39 18 51 34 11 35 24
11 41 32 3 16 22 8 1 9 12 23 21 15 26 17 5 18 51 34 11 35 24 39
12 41 32 3 16 8 22 1 9 23 12 21 15 26 17 5 18 51 34 11 35 24
13 41 32 3 16 8 22 9 1 23 12 21 26 15 5 17 18 34 51 11 35 24
14 32 41 3 16 8 22 1 9 23 12 21 26 15 5 17 18 34 11 51 35 24
15 32 3 41 16 8 22 1 9 23 12 5 26 21 15 17 18 34 11 51 35 24
16 32 3 16 41 8 22 9 1 5 23 12 26 15 21 17 18 34 11 51 35
17 32 16 3 41 8 22 9 1 5 23 12 15 26 17 18 34 51 11 35
18 32 16 3 41 8 9 5 22 23 1 12 15 26 17 18 51 11 34 35
19 32 3 16 41 8 9 5 22 23 1 12 26 15 17 18 51 34 11 35
20 32 3 16 41 8 5 9 22 23 1 12 26 15 17 18 34 51 11 35
21 16 3 41 8 9 5 23 1 12 22 15 26 17 18 34 51 11 35
L
a
p
s
Lapped riderWinner
Rio de Janeiro, Saturday, October 07, 2000
MotoGP MotoGP MotoGP MotoGP MotoGP MotoGP MotoGP MotoGP MotoGP MotoGP MotoGP MotoGP MotoGP MotoGP MotoGP MotoGP MotoGP MotoGP MotoGP MotoGP MotoGP MotoGP MotoGP MotoGP MotoGP MotoGP MotoGP MotoGP MotoGP MotoGP MotoGP MotoGP MotoGP MotoGP MotoGP MotoGP MotoGP MotoGP MotoGP Moto
Official information of MotoGP
