MONSTER ENERGY GRAND PRIX DE FRANCE
Results and timing service provided by
4185 m.
Le Mans
MotoGP
Race
Lap Chart 31
Pos
Grid 93
1
4
2
99
3
35
4
29
5
38
6
46
7
26
8
9
9
41
10
68
11
44
12
25
13
69
14
45
15
6
16
63
17
43
18
8
19
17
20
50
21
76
22
19
23
15
24
33
25
1 99 4 29 93 46 38 26 35 44 68 9 41 6 69 43 25 76 45 19 15 63 17 50 33 8
2 99 4 29 93 46 38 35 44 68 9 69 43 25 76 45 19 63 15 50 17 8 41 33 26
3 99 4 29 46 93 38 35 44 68 9 69 43 25 45 76 19 15 50 8 17 33 63 26
4 99 4 29 46 93 38 35 44 68 9 69 43 25 76 19 50 8 15 17 33 26
5 99 4 29 46 38 93 35 44 68 9 69 43 25 76 19 8 50 15 17 33 26
6 99 4 29 46 38 93 35 44 68 9 69 43 25 76 19 8 50 15 17 33 26
7 99 4 29 46 38 93 35 44 68 9 69 43 25 76 19 8 50 15 17 33 26
8 99 4 29 46 38 93 44 68 9 69 43 25 76 19 8 50 15 17 33 26
9 99 4 29 46 38 93 44 68 9 69 43 25 76 19 8 50 15 17 33 26
10 99 4 29 46 38 93 44 68 9 69 43 25 76 19 8 50 15 17 33 26
11 99 4 46 29 38 93 44 68 9 69 43 25 76 19 8 50 15 17 33 26
12 99 4 46 29 38 93 44 68 9 69 25 43 76 8 19 50 15 17 33 26
13 99 46 4 29 38 93 44 68 9 69 25 43 76 8 19 50 15 17 33 26
14 99 46 4 29 38 93 44 68 9 69 25 43 76 8 19 50 15 17 33 26
15 99 46 4 29 38 93 44 68 9 69 25 76 8 19 50 15 33 26
16 99 46 4 29 38 93 44 68 9 69 25 76 8 19 50 15 33 26
17 99 46 4 29 38 93 44 68 9 69 25 76 8 19 50 15 26 33
18 99 46 4 29 38 93 44 68 9 25 69 76 8 19 50 15 26 33
19 99 46 4 29 38 93 44 68 9 25 69 76 8 19 50 15 26 33
20 99 46 4 29 38 93 44 68 9 25 69 76 8 50 19 15 26 33
21 99 46 4 29 38 93 44 68 9 25 69 76 8 50 19 15 26 33
22 99 46 4 29 38 93 44 68 9 25 69 76 8 50 19 15 26 33
23 99 46 4 29 93 38 44 68 9 25 69 76 8 50 19 15 26 33
24 99 46 4 93 29 38 44 68 9 25 69 76 8 50 19 15 26 33
25 99 46 4 93 29 38 44 68 9 25 69 76 8 50 19 15 26 33
26 99 46 4 93 29 38 44 68 25 9 69 76 8 50 19 15 26 33
27 99 46 4 93 29 38 44 68 25 9 69 76 8 50 19 15 26 33
28 99 46 4 93 29 38 44 68 25 9 69 76 8 50 19 26 15
L
a
p
s
Lapped riderWinner
Le Mans, Sunday, May 17, 2015
These data/results cannot be reproduced, stored and/or transmitted in whole or in part by any manner of electronic, mechanical, photocopying, recording, broadcasting or otherwise now
known or herein after developed without the previous express consent by the copyright owner, except for reproduction in daily press and regular printed publications on sale to the public
within 60 days of the event related to those data/results and always provided that copyright symbol appears together as follows below.
© DORNA, 2015
Official MotoGP Timing by
www.motogp.com
TISSOT
