Lap Chart
GRAND PRIX POLINI DE FRANCE
Computerised results and timing service
4305m
Le Mans
125cc
22
Pos
Grid 41
1
4
2
5
3
8
4
9
5
21
6
1
7
11
8
54
9
23
10
3
11
26
12
32
13
17
14
19
15
16
16
35
17
18
18
12
19
53
20
51
21
15
22
39
23
63
24
22
25
29
26
61
27
64
28
62
29
60
30
24
31
1 41 21 5 9 4 32 3 54 26 23 1 16 11 12 18 17 35 8 53 15 19 22 39 29 63 51 62 64 61
2 41 9 21 5 32 4 26 54 3 1 23 12 16 11 18 8 35 53 15 22 19 39 29 51 63 62 61 64
3 41 9 5 21 32 4 26 3 1 54 12 23 16 11 18 8 35 15 22 19 39 29 51 63 62 61 64
4 9 41 5 21 32 4 26 3 1 54 12 23 16 11 8 18 15 35 22 19 39 29 51 63 62 61 64
5 21 32 9 4 41 26 1 3 54 12 16 11 8 23 18 35 15 19 22 39 29 51 63 62 61 64
6 21 9 32 4 41 26 1 3 12 54 16 8 11 23 18 35 15 19 39 29 51 63 62 61 64 22
7 21 32 9 41 4 26 1 3 12 54 8 16 11 23 18 35 15 19 39 29 51 63 62 61 64 22
8 21 32 9 41 4 1 26 3 12 54 8 16 11 23 35 18 19 15 39 29 51 63 62 61 64
9 21 32 9 41 4 1 26 3 12 54 8 16 23 11 35 18 19 15 39 29 51 63 62 61 64
10 21 32 9 41 4 1 26 54 12 8 23 16 11 35 15 19 18 39 29 51 63 62 61 64
11 21 32 41 9 4 1 26 54 12 8 23 16 11 35 15 18 39 19 29 63 51 62 61 64
12 21 32 41 9 4 1 26 54 12 8 23 16 11 35 15 39 18 19 29 63 51 62 61 64
13 21 32 41 9 4 1 26 54 12 23 8 16 11 35 15 19 18 39 29 51 63 62 61 64
14 21 9 32 41 4 1 26 54 12 23 8 16 11 35 15 18 19 39 29 51 63 62 61 64
15 21 9 41 32 4 1 26 54 12 23 8 16 11 35 15 18 19 39 29 51 63 62 61 64
16 21 9 41 32 1 4 26 54 12 23 8 16 11 35 15 18 19 39 29 51 63 62 61 64
17 21 9 41 32 1 4 26 54 23 12 8 16 11 35 15 18 19 39 29 51 63 62 61 64
18 21 9 32 41 1 4 26 54 23 12 8 16 11 35 15 19 18 39 29 51 63 62 61 64
19 21 41 9 1 32 4 26 54 23 12 16 8 11 35 15 19 18 29 51 63 39 62 61 64
20 41 21 9 32 1 4 26 54 23 12 16 8 11 35 15 19 29 18 51 63 62 61 64
21 41 21 32 1 9 4 26 54 23 16 8 12 35 15 19 29 18 51 63 62 61 64
22 41 21 1 32 9 4 26 54 23 16 8 12 35 15 19 29 18 51 63 62 61 64
23 41 21 32 9 1 4 26 54 23 16 8 12 35 15 19 29 18 51 63 62 61 64
24 41 32 1 4 21 26 9 54 23 16 8 12 35 19 15 29 18 51 63
L
a
p
s
Lapped riderWinner
Le Mans, Sunday, May 14, 2000
MotoGP MotoGP MotoGP MotoGP MotoGP MotoGP MotoGP MotoGP MotoGP MotoGP MotoGP MotoGP MotoGP MotoGP MotoGP MotoGP MotoGP MotoGP MotoGP MotoGP MotoGP MotoGP MotoGP MotoGP MotoGP MotoGP MotoGP MotoGP MotoGP MotoGP MotoGP MotoGP MotoGP MotoGP MotoGP MotoGP MotoGP MotoGP MotoGP Moto
Official information of MotoGP
