Lap Chart
GRAND PRIX POLINI DE FRANCE
Computerised results and timing service
4305m
Le Mans
500cc
22
Pos
Grid 4
1
7
2
10
3
2
4
1
5
99
6
6
7
24
8
65
9
46
10
8
11
55
12
17
13
9
14
31
15
5
16
11
17
15
18
21
19
18
20
1 4 2 6 7 1 65 10 46 24 5 55 8 9 31 17 11 15 18 99
2 4 2 7 1 6 65 10 46 24 55 8 9 31 17 5 11 15 18 99
3 4 2 7 1 6 10 46 65 24 55 8 9 31 17 5 11 15 99 18
4 2 7 1 6 10 46 65 24 55 8 31 9 17 5 11 99 15 18
5 2 7 1 6 46 10 65 24 55 31 8 9 17 5 11 99 15 18
6 2 7 1 6 46 10 65 24 55 31 9 8 17 5 99 11 15 18
7 2 1 7 6 46 10 65 24 55 31 9 8 17 5 99 11 15 18
8 2 1 6 7 46 10 65 24 55 31 9 8 17 5 99 11 15 18
9 2 1 6 46 7 10 65 24 55 31 9 8 17 5 99 11 15 18
10 2 1 6 46 10 7 65 24 55 31 9 8 17 5 99 11 18
11 2 1 6 46 10 7 65 24 55 31 9 8 17 5 99 11 18
12 2 1 6 46 10 7 65 24 55 31 9 8 17 5 99 11 18
13 2 1 6 46 10 7 24 65 55 31 9 8 17 5 99 11 18
14 2 1 6 46 10 7 24 65 55 31 9 8 17 99 5 11 18
15 2 1 6 46 10 7 24 65 55 31 9 8 99 17 5 11 18
16 2 1 6 46 10 7 24 65 55 31 9 8 99 17 5 11 18
17 2 1 6 46 10 7 24 65 55 31 9 8 99 17 5 11 18
18 2 1 6 46 10 24 7 65 55 31 9 99 8 17 5 11 18
19 1 6 2 46 10 24 7 65 55 31 9 99 8 17 5 11 18
20 1 6 2 46 10 24 7 65 55 31 9 99 8 17 5 11 18
21 1 6 2 46 10 24 7 65 55 31 9 99 8 17 5 11 18
22 6 1 46 2 10 24 7 65 55 31 9 99 8 17 5 11 18
23 6 1 46 2 10 24 7 65 55 31 9 99 8 17 5 11 18
24 6 1 46 2 10 24 7 65 55 31 9 99 8 17 5 11 18
25 6 1 46 10 24 2 7 65 55 31 9 99 8 17 5 11 18
26 6 1 46 24 10 2 7 65 55 31 9 99 8 17 5 11 18
27 6 1 46 24 10 2 7 65 55 31 9 99 8 17 5 11 18
28 1 6 46 24 10 2 7 65 55 31 9 99 17 8 5 11
L
a
p
s
Lapped riderWinner
Le Mans, Sunday, May 14, 2000
MotoGP MotoGP MotoGP MotoGP MotoGP MotoGP MotoGP MotoGP MotoGP MotoGP MotoGP MotoGP MotoGP MotoGP MotoGP MotoGP MotoGP MotoGP MotoGP MotoGP MotoGP MotoGP MotoGP MotoGP MotoGP MotoGP MotoGP MotoGP MotoGP MotoGP MotoGP MotoGP MotoGP MotoGP MotoGP MotoGP MotoGP MotoGP MotoGP Moto
Official information of MotoGP
