Lap Chart
GRAND PRIX POLINI DE FRANCE
Computerised results and timing service
4305m
Le Mans
250cc
22
Pos
Grid 74
1
6
2
56
3
13
4
4
5
19
6
21
7
14
8
30
9
37
10
8
11
18
12
23
13
16
14
26
15
25
16
66
17
77
18
9
19
24
20
41
21
42
22
31
23
15
24
10
25
11
26
54
27
55
28
22
29
52
30
57
31
53
32
58
33
1 74 4 14 19 13 56 6 8 25 37 18 16 9 41 30 77 24 15 31 42 23 10 54 57 52 22 11 55 58 53 21 66 26
2 4 14 19 13 56 6 8 25 37 18 9 16 41 77 30 15 23 24 42 31 10 57 54 11 52 22 21 66 58 26 53 74
3 4 14 13 19 56 6 8 25 37 9 18 16 77 41 23 15 24 30 42 10 31 57 11 21 54 52 66 22 26 58 53 74
4 4 14 13 56 19 6 8 25 37 9 18 16 77 41 23 15 24 42 30 10 31 57 11 21 54 52 66 26 22 58 74 53
5 14 56 19 13 6 4 8 25 37 9 18 16 77 23 41 24 15 42 30 10 21 31 11 26 66 54 52 74 22 58 53
6 56 14 19 13 6 4 8 25 37 9 18 16 77 23 41 24 15 42 30 10 21 11 31 74 26 66 52 54 22 58 53
7 56 19 13 14 6 4 8 25 37 9 18 16 77 23 24 41 15 30 42 21 10 11 74 31 26 66 52 54 22 58 53
8 56 19 13 14 4 6 8 25 37 9 18 16 23 77 24 41 15 30 21 42 10 74 11 31 26 66 54 52 22 58 53
9 56 19 13 14 4 6 8 25 37 18 9 23 16 77 24 41 21 15 30 42 74 10 11 26 31 66 54 52 22 58 53
10 56 19 13 4 14 6 8 25 37 9 23 18 16 77 21 41 15 30 74 10 11 26 31 66 52 22 54 58 53
11 56 19 13 4 14 6 8 25 37 9 23 18 16 77 21 74 41 30 15 10 11 26 31 66 52 22 58 53
12 56 19 4 13 14 6 8 25 37 9 18 16 77 21 74 41 30 15 10 26 11 66 31 52 22 58 53
13 56 19 4 13 14 6 8 25 37 9 18 16 77 21 74 41 30 10 26 11 66 31 52 22 53 58
14 19 56 4 13 6 14 8 25 37 9 18 16 74 77 21 41 30 10 26 11 66 31 22 52 53 58
15 19 56 4 13 14 6 8 25 37 9 74 18 16 77 21 30 41 10 26 11 66 31 52 22 58 53
16 19 56 4 13 14 6 8 25 37 9 74 16 18 77 21 30 41 10 26 66 11 31 22 52 58 53
17 19 56 4 13 14 8 6 25 74 37 9 16 18 77 21 30 10 41 26 66 11 31 52 22 58 53
18 19 56 4 13 14 8 6 74 25 37 9 16 18 77 21 10 30 26 41 66 11 31 52 22 58 53
19 19 56 4 13 14 8 74 6 25 37 9 16 21 18 77 10 26 30 41 66 11 31 52 22 58 53
20 19 4 56 13 14 8 74 6 37 9 21 16 18 77 26 10 30 41 66 11 31 22 52 58 53
21 4 19 56 13 14 8 74 6 37 9 21 16 18 26 10 30 41 77 66 11 31 52 22 58 53
22 4 19 56 13 14 8 74 6 37 9 21 16 18 26 10 30 41 66 11 31 52 22 58 53
23 4 19 56 13 14 74 8 6 37 9 21 16 18 26 10 30 41 66 11 31 52 22 58 53
24 4 56 19 13 14 74 8 6 37 9 21 16 18 26 10 30 41 66 11 31 52 22 58 53
25 4 56 19 13 14 74 8 6 37 9 21 16 18 26 30 10 41 66 11 31 22 52 58 53
26 4 56 19 13 14 74 8 6 37 9 21 16 18 26 30 10 41 66 11
L
a
p
s
Lapped riderWinner
Le Mans, Sunday, May 14, 2000
MotoGP MotoGP MotoGP MotoGP MotoGP MotoGP MotoGP MotoGP MotoGP MotoGP MotoGP MotoGP MotoGP MotoGP MotoGP MotoGP MotoGP MotoGP MotoGP MotoGP MotoGP MotoGP MotoGP MotoGP MotoGP MotoGP MotoGP MotoGP MotoGP MotoGP MotoGP MotoGP MotoGP MotoGP MotoGP MotoGP MotoGP MotoGP MotoGP Moto
Official information of MotoGP
