RED BULL INDIANAPOLIS GRAND PRIX
Computerised results and timing service provided by
4216 m.
Indianapolis
125cc
Race
Lap Chart 19
TISSOT
Pos
Grid 93
1
40
2
38
3
11
4
44
5
7
6
39
7
14
8
71
9
12
10
99
11
94
12
35
13
15
14
23
15
78
16
84
17
53
18
26
19
32
20
55
21
63
22
69
23
72
24
87
25
5
26
90
27
1 93 40 7 44 12 38 23 94 71 11 39 99 35 15 84 26 32 78 87 55 53 63 72 14 69
2 93 40 7 44 38 12 11 23 94 99 71 39 35 26 84 78 32 53 87 55 14 63 72 15
3 93 40 44 7 38 12 11 23 99 39 71 94 35 26 78 53 84 14 32 55 87 72 63 15
4 93 40 44 38 7 12 11 23 99 39 71 94 35 78 26 53 14 84 32 87 63 72 15
5 93 40 44 7 38 12 11 99 39 23 71 94 35 78 53 14 26 84 32 87 63 72 15
6 93 40 44 38 7 12 11 99 39 23 71 94 35 53 78 14 26 84 32 63 87 72 15
7 93 40 44 38 7 11 12 99 39 71 23 35 94 53 78 14 84 26 32 63 87 72 15
8 93 40 44 38 11 7 12 99 39 71 23 35 94 53 78 14 26 84 32 63 72 87 15
9 40 44 38 11 7 12 99 39 71 35 23 94 53 93 14 26 84 32 63 72 87 15
10 40 38 44 11 7 12 99 39 71 35 23 94 53 93 26 14 84 32 63 72 87 15
11 40 38 11 44 7 12 99 39 71 35 23 94 93 53 14 84 32 72 87 63 15 26
12 40 38 11 44 7 12 99 39 71 35 23 94 93 53 84 14 32 72 87 15 26
13 40 11 44 7 12 39 71 99 35 23 94 93 53 84 14 32 72 87 15
14 40 11 44 7 12 39 99 35 23 94 93 53 84 14 32 72 87 15 71
15 40 11 44 7 12 39 99 35 23 94 93 53 14 84 32 72 87 15
16 40 11 44 7 12 39 99 35 23 94 93 53 14 84 32 72 87 15
17 40 11 44 7 39 12 99 35 23 94 93 53 84 14 32 72 87 15
18 40 11 44 7 99 12 35 23 94 93 53 39 84 14 32 72 15 87
19 40 11 44 7 99 35 12 93 23 94 53 39 84 14 32 72 15 87
20 40 11 44 7 35 99 12 93 23 94 53 39 84 14 32 72 15 87
21 40 11 44 7 12 99 35 93 23 94 53 39 84 14 32 72 15 87
22 40 11 44 7 12 99 35 93 23 94 53 39 84 14 32 72 15 87
23 40 11 44 7 93 12 99 35 23 94 53 39 14 84 32 72 15 87
L
a
p
s
Lapped riderWinner
Indianapolis, Sunday, August 29, 2010
These data/results cannot be reproduced, stored and/or transmitted in whole or in part by any manner of electronic, mechanical, photocopying, recording, broadcasting or otherwise now
known or herein after developed without the previous express consent by the copyright owner, except for reproduction in daily press and regular printed publications on sale to the public
within 60 days of the event related to those data/results and always provided that copyright symbol appears together as follows below.
© DORNA, 2010
Official MotoGP Timing by
www.motogp.com
TISSOT
