betandwin.com MOTORRAD GP DEUTSCHLAND
Computerised results and timing service provided by TISSOT
3671 m.
Sachsenring
125cc
Race
Lap Chart 22
Pos
Grid 52
1
19
2
75
3
36
4
18
5
32
6
14
7
22
8
24
9
55
10
11
11
33
12
1
13
38
14
71
15
6
16
10
17
17
18
45
19
29
20
54
21
15
22
8
23
20
24
35
25
23
26
12
27
95
28
21
29
43
30
26
31
97
32
16
33
44
34
72
35
53
36
61
37
7
38
37
39
34
40
1 19 36 75 14 32 52 55 22 1 24 11 33 18 6 71 54 23 17 8 26 38 95 45 16 15 12 35 21 37 53 20 43 61 29 44 34 83 7 72 98
2 19 36 52 75 55 14 32 24 1 11 18 33 22 71 6 54 8 17 23 26 38 95 45 16 15 35 12 21 37 20 53 43 29 61 44 7 34 83 98 72
3 19 52 75 36 55 32 14 24 1 11 18 33 22 6 71 54 8 17 38 26 95 23 15 45 16 35 12 20 21 53 29 37 43 61 7 44 34 83 98 72
4 19 52 75 36 55 32 24 14 1 18 11 33 6 22 71 54 8 17 38 95 23 26 45 15 35 12 20 16 21 29 53 43 37 44 61 7 34 83 72 98
5 75 52 19 36 55 24 32 14 18 1 11 6 33 22 71 54 8 17 38 95 26 23 45 15 35 12 29 16 43 21 44 53 61 7 37 34 83 72 98 13
6 75 19 52 36 55 24 14 18 32 1 11 6 33 71 22 54 8 17 38 95 26 23 15 45 35 12 29 43 44 16 21 53 7 37 61 34 83 13 98
7 75 19 52 55 36 24 14 18 1 32 11 6 33 71 22 54 38 17 8 95 26 23 15 35 45 12 29 43 44 16 21 7 37 34 13 98 61 83
8 75 19 52 55 36 24 18 14 1 32 11 6 33 71 22 54 38 17 8 26 15 23 95 35 45 12 29 43 44 7 16 21 37 34 13 98 61
9 75 19 52 55 36 24 18 1 14 32 11 6 33 71 38 54 8 17 26 15 95 35 23 45 12 29 44 43 7 16 21 34 37 13 22 98 61
10 19 75 52 55 36 24 18 1 14 32 11 6 33 71 38 54 17 8 26 95 15 35 23 45 12 29 44 7 43 16 21 34 37 13 98 61
11 19 75 52 55 36 24 18 1 14 32 11 6 33 71 38 54 17 8 95 26 15 35 45 23 12 29 7 44 43 16 21 34 13 61 98 37
12 19 75 52 55 24 36 1 18 14 6 32 11 33 71 38 54 17 8 26 95 35 15 45 12 23 29 44 7 16 43 21 34 13 61 98
13 19 75 52 55 24 36 1 18 14 6 11 32 33 71 38 54 17 8 95 26 35 15 45 12 23 29 7 44 16 43 21 34 61 98 13
14 75 19 52 55 24 36 1 18 14 6 33 32 11 71 38 54 8 17 95 26 35 15 45 12 29 23 7 44 16 43 21 34 61 98
15 75 19 52 55 24 1 36 18 14 6 32 33 11 71 38 54 8 17 35 26 95 15 45 29 12 23 44 7 16 43 21 34 61 98
16 75 19 52 55 24 1 36 18 14 6 33 32 71 11 38 54 8 17 35 26 95 15 29 45 12 23 44 7 16 43 21 34 61 98
17 75 19 52 24 55 1 36 18 6 14 33 32 11 71 38 54 17 8 35 26 95 29 15 12 45 7 16 23 43 21 34 61 98
18 19 75 52 24 1 55 18 36 6 14 33 32 11 71 38 54 17 8 35 29 26 95 15 12 45 7 16 23 43 21 34 98
19 19 75 52 1 24 55 18 36 6 14 33 32 11 71 38 54 8 17 29 35 26 95 15 12 45 7 16 43 23 21 34 98
20 75 19 52 24 55 1 18 36 6 33 32 14 11 71 38 54 8 17 26 29 35 95 15 12 45 7 16 43 23 21 34 98
21 75 19 52 24 18 55 1 36 6 33 32 11 14 38 71 54 17 8 29 26 35 95 15 12 45 7 16 43 23 21 34 98
22 75 19 52 24 18 55 1 36 33 6 32 11 38 14 71 54 17 8 29 35 26 95 15 12 45 7 16 43 23 21 34 98
23 75 19 52 24 55 18 1 36 33 6 32 11 38 71 14 54 17 8 29 95 26 35 12 15 45 16 7 43 23 21 34 98
24 75 19 52 24 55 18 1 36 6 33 32 11 38 71 14 54 8 17 26 35 95 29 12 15 45 16 7 43 23 21 34 98
25 75 19 52 24 55 18 1 36 6 32 33 11 38 14 71 54 17 8 95 35 26 12 29 15 7 16 45 43 23 21 34 98
26 75 19 52 24 55 1 18 36 6 32 33 11 14 38 71 54 8 17 95 35 26 12 29 15 16 7 45 43 23 21 34 98
27 75 19 52 55 24 1 18 36 6 33 32 38 11 14 71 54 8 17 95 35 26 12 15 29 7 16 45 43 23 21 34
L
a
p
s
Lapped riderWinner
Sachsenring, Sunday, July 16, 2006
These data/results cannot be reproduced, stored and/or transmitted in whole or in part by any manner of electronic, mechanical, photocopying, recording, broadcasting or otherwise now known or
herein after developed without the previous express consent by the copyright owner, except for reproduction in daily press and regular printed publications on sale to the public within 60 days of the event
related to those data/results and always provided that copyright symbol appears together as follows below.
© DORNA, 2006
Official MotoGP Timing by TISSOT
www.motogp.com
