Lap Chart
GAULOISES PACIFIC GP OF MOTEGI
Computerised results and timing service
4801m
Motegi
125cc
22
Race
Pos
Grid 26
1
1
2
17
3
21
4
34
5
4
6
22
7
80
8
23
9
67
10
5
11
48
12
41
13
84
14
33
15
16
16
36
17
6
18
15
19
11
20
66
21
25
22
9
23
95
24
8
25
97
26
65
27
72
28
12
29
7
30
31
31
50
32
68
33
20
34
57
35
1 21 26 34 1 80 22 17 4 36 5 41 48 66 25 84 15 16 9 6 33 23 97 11 95 20 50 31 68 65 42 72 7 57 12 19
2 26 21 1 80 22 17 4 36 41 48 25 66 15 16 5 84 6 9 23 33 97 11 95 31 20 50 65 68 7 72 57 42 12 19 8
3 26 21 1 17 80 22 4 36 41 25 48 15 66 16 5 84 6 9 97 23 33 11 95 31 50 65 20 7 68 72 57 12 19 8 42
4 26 21 1 17 80 22 4 36 25 41 15 48 66 16 84 6 97 23 5 9 33 11 95 31 50 65 20 7 68 57 72 12 19 8 42
5 26 21 1 17 22 80 4 36 25 15 41 66 48 16 97 84 23 6 5 9 33 11 95 31 65 50 7 20 57 68 12 72 8 19
6 26 21 1 17 22 80 4 36 15 25 66 41 48 16 23 97 84 6 9 5 11 33 95 31 65 50 7 20 12 57 8 68 72 19
7 26 21 1 17 22 80 4 36 15 25 66 48 41 23 97 16 84 6 9 11 33 5 95 31 65 50 7 20 12 8 57 19
8 26 21 1 17 22 4 80 36 15 25 48 66 41 23 97 16 6 84 11 9 33 95 5 31 65 50 7 20 12 8 57 19
9 26 21 1 17 22 4 80 36 15 25 48 41 66 23 97 6 84 16 11 95 9 5 33 65 50 7 20 12 8 57 19 31
10 26 21 1 17 22 4 80 36 15 25 48 23 41 66 97 6 84 16 95 9 11 5 33 50 65 20 7 8 57 19 12 31
11 26 21 1 17 22 4 80 36 25 48 23 66 41 97 6 84 16 95 9 5 11 33 50 7 65 20 8 57 19 12 31
12 26 21 1 17 22 4 80 36 25 23 48 97 41 66 6 84 95 5 11 33 16 50 7 20 65 8 57 19 12 9 31
13 26 21 1 17 22 4 80 36 23 25 48 97 66 41 6 84 95 5 11 33 16 50 7 20 65 8 57 19 12 9 31
14 26 21 1 17 22 80 4 36 23 25 97 48 66 41 6 84 95 5 11 33 7 50 65 20 8 57 19 12 9 31
15 26 21 17 1 22 80 36 4 23 25 97 48 66 41 6 84 95 5 11 33 7 20 65 50 8 57 19 12 9 31
16 26 21 1 17 22 80 36 23 97 25 48 66 4 41 6 84 95 33 5 11 7 65 20 50 8 57 19 12 9 31
17 26 21 1 17 22 80 36 23 97 25 48 66 41 4 6 84 95 33 5 11 65 7 20 8 50 57 12 19 9 31
18 26 21 1 17 22 80 36 23 97 25 48 66 41 6 84 4 33 95 5 11 7 8 65 50 20 57 12 19 9 31
19 26 1 17 21 22 80 36 23 25 97 48 66 41 6 84 95 33 5 11 65 8 7 50 20 57 12 19 9 31
20 26 1 17 22 80 36 23 25 97 48 66 21 41 6 84 95 33 5 11 7 65 8 50 20 57 12 19 9
21 26 1 17 22 80 36 23 25 48 97 66 41 84 6 21 95 33 5 11 7 8 50 20 57 12 19 9
L
a
p
s
Lapped riderWinner
Motegi, Sunday, October 06, 2002
These data/results can not be reproduced, stored and/or transmitted in whole or in part by any manner of electronic, mechanical, photocopying, recording, broadcasting or otherwise now known or herein
after developed without the previous express consent by the copyright owner, except for reproduction in daily press and regular printed publications on sale to the public within 60 days of the event related to
those data/results and always provided that copyright symbol appears together as follows below.
© DORNA, 2002
Official information of MotoGP
www.motograndprix.com
