           Misano                  Computerised results and timing service provided by TISSOT
                                                                                                                                                                      Moto2
                                  GP APEROL DI SAN MARINO E RIVIERA DI RIMINI
                                  Race
          4226 m.                 Lap Chart                                                                                                                                           19
Pos        1 2 3 4 5 6 7 8 9 10 11 12 13 14 15 16 17 18 19 20 21 22 23 24 25 26 27 28 29 30 31 32 33 34 35 36 37 38 39
Grid      65 93 72 45 15 38 29 51 44 12 16 40 75 60 3 34 76 63 4 71 25 35 19 13 39 36 88 7 77 22 6 64 53 14 31 9 32 95 18


     1    93 45 65 38 29 72 15               3 51 44 12 16 40 60 63 75 71 13                    4 34 76 88 77 35 36 64                7 53     9 22 32 31 95           6
     2    45 65 29 93 38           3 72 15 51 44 12 16 40 60 63 75 13 71 34 76                            4 88 77 36 35          7 64 53       9 32 22       6 31 95
     3    45 65 29 93 38           3 72 15 44 12 51 40 16 63 60 75 13 34 71 76 36 88                               4 77 35       7 64      9 53 32 22        6 31 95
     4    45 29 65 93 38           3 72 15 44 12 40 51 16 63 60 75 13 34 76 36 71 88                               4 77 35       7    9 32 64 53 22          6 31 95
     5    45 29 65 93 38           3 72 15 12 44 40 51 16 63 60 75 13 34 36 76 71 88                               4 77 35       7    9 32 64 53 22          6 31 95
     6    45 29 93 65 38           3 72 15 12 44 40 16 51 63 75 60 13 34 36 76 71 88                               4 77 35       7    9 32 64 53 22 31            6 95
     7    45 29 93 65 38           3 15 72 12 44 40 51 63 75 60 34 13 36 76 71 88 77                               4 35     7    9 32 64 53 22 31            6 95
     8    45 29 93 65 38           3 15 72 12 44 40 51 63 75 60 34 13 36 76 77 88                             4 71      7   9 35 32 64 53 22 31              6 95
     9    45 29 93 65 38 15             3 72 12 44 51 63 75 40 60 34 13 36 76 77 88                           4 71      7 35     9 32 64 53 22 31            6 95
    10    45 29 93 65 38 15             3 72 12 44 51 63 75 60 34 13 40 36 76 77 88                           4 71      7 35     9 32 64 53 22 31            6 95

L   11    45 29 93 65 38 15             3 72 12 44 51 75 63 60 34 13 40 36 76 77 88                           4 71      7   9 35 64 32 53 22 31              6 95
a   12    45 29 93 65 38 15 72               3 12 44 51 75 63 60 34 13 36 40 76 77                        4 88 71       7   9 35 64 32 53 22 31              6 95
p         93 29 45 65 38 15 72               3 12 44 51 75 63 60 34 13 36 77 40                      4 88 71       7 76     9 35 64 32 53 22             6 95
s
    13
    14    93 29 65 45 38 15 72               3 12 44 51 75 60 63 34 13 36 77                    4 71 88       7    9 35 64 32 53           6 22 95
    15    93 29 65 45 38 15 72               3 12 44 51 60 75 34 13 63 36 77                    4 88 71       7 35      9 64 53 32         6 22 95
    16    29 65 93 45 38 15 72               3 12 44 51 60 75 34 13 63 36 77                    4 88 71       7 35      9 64 53 32         6 22 95
    17    65 29 93 45 38 15 72               3 12 44 51 60 34 75 13 63 36 77                    4 88 71       7 35      9 64 53 32         6 22 95
    18    29 65 93 45 38 15 72               3 12 44 51 34 60 13 36 75 63 77                    4 71 88       7 35      9 64 53       6 32 22 95
    19    65 29 93 45 38 15 72               3 12 44 51 34 60 36 13 63 77 75 71                      4 88     7 35      9 64     6 53 32 22 95
    20    29 93 45 65 15 38 72 12                3 44 51 34 60 36 77 63 75 13 71                     4 88     7 35      9 64     6 53 32 22 95
    21    93 29 65 15 45 38 72 12                3 44 51 34 60 77 36 63 75 13 71                     4 88     7 35      9 64     6 53 32 22 95
    22    93 65 29 15 45 38 72 12                3 44 51 34 60 77 36 63 75 13 71                     4 88     7 35      9 64     6 53 32 22 95
    23    93 65 29 15 45 38 72 12                3 44 51 34 60 77 63 36 75 71                   4 13 88       7 35      9 64     6 53 32 22 95
    24    93 29 65 15 45 38 72 12                3 44 51 34 60 77 63 36 75 71                   4    7 88 13 35         9 64 53       6 32 22 95
    25    93 65 29 15 45 38 72 12 44                  3 34 51 60 77 63 36 75 71                 4    7 88 35       9 64 13 53         6 32 22 95
    26    93 65 29 15 45 38 72 12 44                  3 34 60 77 51 36 63 75 71                 4    7 88 35       9 64 53       6 13 32 22




          Winner                   Lapped rider
These data/results cannot be reproduced, stored and/or transmitted in whole or in part by any manner of electronic, mechanical, photocopying, recording, broadcasting or otherwise now
known or herein after developed without the previous express consent by the copyright owner, except for reproduction in daily press and regular printed publications on sale to the public
within 60 days of the event related to those data/results and always provided that copyright symbol appears together as follows below.
© DORNA, 2011

Official MotoGP Timing byTISSOT
www.motogp.com

Misano Adriatico, Sunday, September 04, 2011
