Lap Chart
MARLBORO MALAYSIAN MOTORCYCLE GP
Computerised results and timing service
5548m
Sepang Circuit
125cc
22
Race
Pos
Grid 48
1
3
2
36
3
27
4
17
5
12
6
22
7
34
8
7
9
33
10
6
11
8
12
32
13
80
14
58
15
15
16
79
17
1
18
10
19
23
20
19
21
4
22
41
23
50
24
42
25
63
26
88
27
25
28
26
29
31
30
11
31
28
32
24
33
1 3 36 48 7 17 34 8 27 12 79 6 22 32 15 4 10 80 58 50 41 33 23 19 1 88 25 28 31 26 11 63 42
2 3 36 48 7 27 34 17 8 12 6 79 15 22 4 32 80 10 58 50 33 41 23 19 1 88 25 31 28 26 63 11 42
3 3 48 36 27 8 34 17 12 15 6 79 22 4 32 7 80 58 10 33 50 19 1 41 23 88 25 63 26 28 31 11 42
4 3 48 27 8 36 34 12 17 15 6 79 22 4 80 58 10 32 33 1 19 50 41 23 88 25 63 26 28 31 11
5 3 27 8 48 36 12 34 15 17 79 6 22 4 80 58 10 33 32 19 1 50 41 23 88 63 25 26 31 28
6 3 27 48 36 8 12 15 34 17 6 79 22 4 80 58 10 33 32 1 19 50 41 23 88 25 63 26 31 28
7 3 27 48 36 8 12 15 34 17 6 79 22 4 80 58 10 33 32 1 19 41 50 23 88 63 25 26 31 28
8 3 48 36 12 8 27 15 17 34 6 79 4 22 80 58 10 33 1 32 19 41 50 23 88 63 25 26 31 28
9 3 48 36 12 8 27 15 6 17 34 4 79 22 80 58 10 33 1 32 19 41 50 23 88 63 25 26 31 28
10 3 48 36 12 8 27 15 6 17 4 34 79 22 80 58 10 33 1 32 19 41 50 23 88 63 25 26 31 28
11 3 48 36 12 27 8 15 6 4 34 17 79 22 80 58 10 33 1 19 32 41 23 50 63 88 25 26 31 28
12 3 36 48 12 27 15 8 6 4 34 22 79 80 58 10 33 1 19 32 41 17 23 50 63 88 25 26 31 28
13 3 48 36 12 15 8 6 4 34 22 79 80 58 10 33 1 19 32 41 23 50 63 88 25 26 31 28
14 3 36 48 12 15 8 6 4 34 22 80 58 10 33 79 1 19 32 41 50 23 63 88 25 26 31 28
15 3 48 36 15 8 12 6 80 22 4 34 58 10 33 79 1 19 32 41 50 23 63 88 25 26 31 28
16 3 48 36 8 15 12 6 80 22 34 10 58 33 79 1 19 32 41 50 23 63 88 25 26 31 28
17 3 48 36 8 12 15 6 80 22 10 58 34 33 79 19 1 32 41 50 23 63 88 25 26 31 28
18 3 48 36 8 12 15 6 80 22 10 58 33 34 79 1 19 32 41 23 50 63 88 25 26 31 28
19 3 36 48 12 8 15 6 80 22 10 58 33 34 79 19 1 32 41 50 23 88 63 26 25 31 28
L
a
p
s
Lapped riderWinner
Sepang, Sunday, October 12, 2003
These data/results cannot be reproduced, stored and/or transmitted in whole or in part by any manner of electronic, mechanical, photocopying, recording, broadcasting or otherwise now known or
herein after developed without the previous express consent by the copyright owner, except for reproduction in daily press and regular printed publications on sale to the public within 60 days of the event
related to those data/results and always provided that copyright symbol appears together as follows below.
© DORNA, 2003
Official information of MotoGP
www.motograndprix.com
