CINZANO RIO GRAND PRIX
Computerised results and timing service
4933 m.
Nelson Piquet
125cc
Race
Lap Chart
22
Pos
Grid 3
1
34
2
48
3
54
4
27
5
15
6
6
7
22
8
50
9
41
10
21
11
23
12
10
13
19
14
24
15
63
16
52
17
36
18
25
19
58
20
14
21
42
22
33
23
7
24
47
25
32
26
66
27
8
28
16
29
28
30
9
31
38
32
1 27 48 34 15 3 54 6 50 22 41 36 24 10 21 58 23 42 14 63 19 52 47 7 8 25 66 28 16 38 9
2 27 48 3 34 15 6 54 50 22 36 10 24 58 41 21 42 19 23 63 14 52 25 7 66 28 8 16 38 9
3 3 48 27 34 15 6 54 50 22 36 58 10 24 41 21 19 42 23 52 63 14 25 7 28 66 8 16 38 9
4 3 48 27 34 15 6 54 50 22 36 58 24 10 19 21 41 42 23 63 52 14 25 28 66 7 8 16 38 9
5 3 34 27 48 15 6 22 50 54 36 58 24 10 21 19 42 41 23 63 52 14 25 28 66 7 16 8 38 9
6 3 34 27 48 15 6 22 50 36 58 54 21 24 19 10 42 41 23 63 52 14 25 28 66 16 7 8 38 9
7 3 34 27 48 15 6 22 58 36 50 54 21 19 24 10 42 23 41 63 52 25 14 28 66 16 7 8
8 3 34 27 48 15 6 22 58 36 50 54 21 19 24 10 42 63 52 25 14 23 28 66 16 8 7
9 27 48 34 15 6 3 22 58 36 50 54 21 19 24 10 42 63 52 25 14 23 28 66 16 8 7
10 27 48 34 15 3 6 22 58 36 50 54 19 24 10 21 42 63 52 25 14 23 28 66 16 8 7
11 27 34 3 15 6 22 58 36 50 54 19 24 10 42 63 21 52 25 23 14 28 66 16 7 8
12 27 3 34 15 6 22 58 36 50 19 54 24 10 42 63 52 21 23 25 14 66 7 16 8
13 3 27 34 15 6 22 58 36 50 54 19 24 10 63 42 52 21 23 25 14 66 7 16 8
14 3 27 34 6 15 22 58 36 19 50 54 24 10 63 42 52 23 25 21 14 66 7 16 8
15 3 27 34 15 6 58 22 36 19 54 50 24 63 10 42 52 23 25 21 14 66 7 16 8
16 27 3 34 15 6 58 22 36 54 19 50 24 63 10 42 52 23 25 21 14 66 7 16 8
17 27 3 34 15 6 58 22 36 19 54 50 24 63 10 42 52 23 25 21 14 66 7 16 8
18 27 3 34 15 6 58 22 36 19 54 50 24 63 10 42 52 23 25 14 21 66 7 16 8
19 27 3 34 15 6 58 22 36 19 54 50 63 24 10 42 52 23 25 14 21 66 7 16 8
20 34 27 3 15 6 58 22 36 19 54 50 63 24 10 52 42 23 25 14 21 66 7 8 16
21 3 27 34 15 6 58 22 36 19 54 50 63 24 10 52 42 23 25 14 21 66 7 8 16
L
a
p
s
Lapped riderWinner
Rio de Janeiro, Sunday, July 04, 2004
These data/results cannot be reproduced, stored and/or transmitted in whole or in part by any manner of electronic, mechanical, photocopying, recording, broadcasting or otherwise now
known or herein after developed without the previous express consent by the copyright owner, except for reproduction in daily press and regular printed publications on sale to the public
within 60 days of the event related to those data/results and always provided that copyright symbol appears together as follows below.
© DORNA, 2004
Official information of MotoGP
www.motogp.com
