Lap Chart
CINZANO MOTORRAD GP DEUTSCHLAND
Computerised results and timing service
3704m
Sachsenring
125cc
22
Race
Pos
Grid 21
1
1
2
16
3
15
4
4
5
22
6
17
7
26
8
47
9
36
10
41
11
23
12
34
13
8
14
25
15
6
16
19
17
11
18
48
19
7
20
5
21
12
22
57
23
72
24
84
25
20
26
50
27
28
28
80
29
73
30
92
31
93
32
77
33
31
34
74
35
1 21 16 15 26 47 41 22 17 25 23 8 36 34 1 19 5 6 57 7 12 4 50 80 11 48 31 84 20 28 42 72 92 73 74 76
2 21 16 15 26 41 17 47 22 23 25 1 36 34 8 19 5 6 57 7 12 50 4 80 11 48 84 31 20 28 72 73 42 92 77 74
3 21 16 15 26 17 22 41 47 23 25 1 36 34 5 6 8 19 57 4 12 7 50 80 48 11 84 31 28 20 72 73 92 42 76 77
4 21 15 16 26 17 22 41 23 47 25 1 36 34 5 6 8 19 57 4 12 50 48 7 80 84 11 28 20 31 72 73 92 76 74 77
5 21 15 16 17 26 22 23 25 41 1 47 36 34 5 6 19 8 57 4 12 50 48 80 11 84 7 28 31 20 72 73 92 77 74 42
6 21 15 16 17 26 22 23 25 1 41 34 36 47 5 6 19 8 57 4 12 50 48 80 11 84 7 28 20 31 72 73 92 77 74 42
7 21 15 16 17 26 22 23 1 25 41 36 34 5 6 47 4 57 19 8 50 48 12 80 11 84 7 28 20 31 72 73 92 77 74 76
8 21 15 16 17 26 22 1 25 23 36 41 34 5 6 47 4 57 19 8 50 48 12 11 80 28 7 84 20 31 72 73 92 77 74 76
9 21 15 16 17 26 22 1 25 23 36 41 6 34 5 47 4 57 8 19 48 50 12 11 80 28 7 84 20 31 72 73 92 77 74 76
10 21 15 17 26 16 22 1 25 23 36 41 6 5 47 34 4 57 8 19 48 50 12 11 28 7 80 84 20 31 73 72 92 77 74 76
11 21 15 17 26 22 16 1 23 25 36 41 6 5 34 47 4 57 19 8 48 12 50 11 28 80 7 84 20 31 72 92 73 77 74 76
12 21 15 17 22 26 16 1 23 25 41 36 6 5 34 47 4 57 19 8 48 12 50 11 28 80 7 84 20 31 72 92 73 77 74 76
13 21 15 17 22 26 16 1 23 41 25 36 6 34 5 4 47 19 8 57 48 12 50 11 28 80 7 84 20 31 72 73 92 77 74 76
14 21 15 17 22 26 16 1 23 41 36 25 6 34 47 5 19 8 57 48 12 11 28 80 7 84 20 31 72 73 92 77 74 50 76 93
15 21 15 17 26 22 1 16 23 36 41 25 6 5 34 47 8 19 57 48 12 11 28 80 84 7 20 31 72 73 92 77 74 76 93
16 21 15 17 22 26 1 16 41 23 36 25 6 5 47 34 8 19 57 48 12 28 80 84 11 20 72 31 73 92 77 74 76 93
17 21 15 26 17 1 22 16 41 23 36 25 6 47 5 34 48 8 19 57 12 28 80 11 84 20 72 31 73 92 77 74 76 93
18 21 15 1 26 22 17 16 41 36 23 25 6 47 5 34 48 8 19 57 12 28 80 11 84 20 31 72 73 92 77 74 76 93
19 21 15 1 22 17 26 16 41 36 25 23 6 47 34 5 48 8 19 57 12 28 80 84 11 20 31 72 92 73 77 74 76 93
20 21 15 1 22 17 16 26 41 36 25 23 6 47 34 5 48 19 8 12 57 80 28 11 84 20 92 31 72 73 77 74 76 93
21 21 15 1 22 17 16 26 41 36 25 23 6 47 34 5 48 19 8 12 57 80 11 28 84 20 31 72 92 73 77 74 76 93
22 21 15 1 22 17 16 26 36 41 23 25 6 47 34 5 48 8 12 19 57 11 80 28 84 20 31 72 73 92 77 76 74 93
23 21 15 1 22 17 16 26 36 23 41 25 6 47 34 5 48 12 8 19 57 11 80 28 84 20 31 72 73 77 92 76 74 93
24 21 15 22 17 1 16 26 23 36 41 25 6 47 34 5 48 12 8 19 57 11 80 28 84 20 31 77 72 73 92 76 74 93
25 21 15 17 22 1 16 26 23 41 36 25 6 34 47 5 48 12 8 19 57 11 28 80 84 20 31 77 72 73 92 76 74 93
26 21 15 17 1 22 16 26 41 36 25 23 6 47 34 5 48 12 8 19 57 11 80 28 84 20 77 31 72 73 92 74 76 93
27 21 15 17 1 22 16 26 41 36 23 25 6 34 47 5 12 48 8 19 57 80 11 84 28 20 77 31 72 73 92
L
a
p
s
Lapped riderWinner
Sachsenring, Sunday, July 21, 2002
These data/results can not be reproduced, stored and/or transmitted in whole or in part by any manner of electronic, mechanical, photocopying, recording, broadcasting or otherwise now known or herein
after developed without the previous express consent by the copyright owner, except for reproduction in daily press and regular printed publications on sale to the public within 60 days of the event related to
those data/results and always provided that copyright symbol appears together as follows below.
© DORNA, 2002
Official information of MotoGP
www.motograndprix.com
