            Assen                  Results and timing service provided by
                                                                                                                                                                      Moto2
                                  IVECO DAILY TT ASSEN
                                  Race
          4542 m.                 Lap Chart                                                                                                                                           31
Pos        1 2 3 4 5 6 7 8 9 10 11 12 13 14 15 16 17 18 19 20 21 22 23 24 25 26 27 28 29 30 31 32 33 34
Grid      53 77 22 36 30 3 5 40 88 19 60 54 21 11 39 23 12 49 15 81 94 96 95 18 7 4 2 55 25 45 70 97 8 10


     1    22    3 54 60 40 12 95 53 88                5 36 15       4    8   7 39 55        2 23 25 30 97 45 77 19 49 94 10 21 11 81 18 96 70
     2      3 22 54 60 95 12 40 36               5 53      8 15 88       4   7 39 55 23 30 25             2 97 45 77 19 49 94 11 21 10 18 96 81 70
     3      3 22 60 95 12 40 36 53               5 15      8 88     4    7 39 55 30 23 25 97              2 45 54 77 19 49 11 10 18 21 96 81 70 94
     4      3 22 60 95 12 40 36 15 53                 8    4   7 39      5 55 30 23         2 54 97 45 88 77 19 11 10 18 81 94 70 49 21 96
     5      3 22 95 60 12 40 36 15 53                 8    4   7 39      5 55 30 23 54          2 97 45 88 77 11 10 18 81 70 94 19 21 96 49
     6      3 22 95 60 12 40 36 15 53                 8 39     7    4    5 30 23 55 54          2 97 45 88 77 11 18 10 81 94 70 21 19 96 49
     7      3 22 95 12 60 40 36 53 15                 8 39     7    4    5 30 23 55 54          2 97 45 88 77 18 11 94 81 70 19 21 10 96 49
     8      3 22 95 12 60 40 36 15 53                 8 39     7    5    4 30 55 54 23          2 45 97 88 77 18 11 94 81 19 21 70 10 96
     9      3 95 12 60 40 36 15 53               8 39      7   5    4 54 55 30 23           2 45 97 88 77 18 94 11 19 21 81 70 96 10
    10      3 95 12 60 40 36 15 53 39                 7    8   5    4 54 30 55 23           2 97 88 45 77 18 94 11 19 21 81 70 96 10

L   11      3 95 60 40 12 36 15 39 53                 7    5   8    4 54 30 55 23           2 97 88 45 18 77 94 19 21 81 11 70 96 10
a   12    95 60 40 12 15 36 39 53                7    5    8   3 54 30 55 23           2 97     4 88 45 18 77 94 19 21 81 11 70 96 10
p         95 60 40 15 12 36 39 53                7    5    8   3 54 30 55 23           2 97 88 45 18 77 94 19 21 81 70 11 96 10
s
    13
    14    95 60 40 15 12 39 36               5   7 53      8   3 54 30 55 23           2 97 88 45 18 77 94 19 21 81 70 11 96 10
    15    95 40 15 39 60 36 12               5   7 53      8   3 30 55 23 54           2 97 88 45 18 77 94 19 21 81 70 11 96 10
    16    95 40 39 36 15 60 12               5   7 53      8   3 55 30 23 54           2 97 88 45 18 77 94 19 21 81 11 70 96 10
    17    95 40 39 36 15 60 12               5   7 53      8   3 55 30 23 54           2 97 88 45 18 77 94 19 21 11 81 70 96 10
    18    95 39 40 36 15 60 12               5   7 53      8   3 55 23 30 54           2 88 97 45 18 77 94 19 21 11 81 70 96 10
    19    95 40 39 36 15           5 60 12 53         7    8   3 55 23 30 54 88             2 97 45 18 77 94 19 21 81 70 96 10
    20    95 40 36        5 15 60 12 53          7    8    3 55 23 39 30 54 88              2 97 45 77 18 94 19 21 81 70 96 10
    21    95 40 36        5 15 12 60 53          7    8 55     3 23 39 30 54 88             2 97 45 77 18 94 19 21 81 70 96
    22    95 40 36        5 15 12 60 53          7    8 55 23       3 30 39 54 88           2 97 45 77 18 94 21 19 81 70
    23    95 40 36        5 15 12 60 53          7    8 55 23       3 30 39 54 88           2 97 45 77 18
    24    95 40 36        5 15 12 60 53          7 55      8 23     3 30 39 88 54           2 97




          Winner                   Lapped rider
These data/results cannot be reproduced, stored and/or transmitted in whole or in part by any manner of electronic, mechanical, photocopying, recording, broadcasting or otherwise now
known or herein after developed without the previous express consent by the copyright owner, except for reproduction in daily press and regular printed publications on sale to the public
within 60 days of the event related to those data/results and always provided that copyright symbol appears together as follows below.
© DORNA, 2014

Official MotoGP Timing byTISSOT
www.motogp.com

Assen, Saturday, June 28, 2014
