IVECO DAILY TT ASSEN
Results and timing service provided by
4542 m.
Assen
MotoGP
Race
Lap Chart 31
Pos
Grid 41
1
93
2
26
3
29
4
35
5
38
6
4
7
6
8
99
9
19
10
44
11
46
12
17
13
7
14
68
15
45
16
9
17
5
18
23
19
8
20
70
21
69
22
63
23
1 93 4 41 26 29 99 35 38 7 6 19 69 5 44 8 17 45 70 46 63 9 68 23
2 93 4 41 26 29 99 35 7 38 19 6 69 5 46 44 17 8 45 70 63 9 23 68
3 93 4 41 26 29 35 99 7 38 19 6 69 46 5 17 44 8 45 63 70 9 68 23
4 93 4 41 26 29 35 99 7 19 38 69 6 46 17 44 8 5 9 63 45 70 68 23
5 93 4 41 26 35 29 99 19 7 69 38 6 46 17 44 9 8 5 63 70 45 23 68
6 93 4 41 26 99 7 69 38 6 35 29 19 46 17 44 9 8 63 5 23 70 45 68
7 7 4 99 69 38 6 93 17 26 41 9 44 8 19 23 35 29 46 45 5 63 70 68
8 4 93 41 26 7 23 19 35 29 46 6 38 99 69 44 17 9 45 8 5 63 68 70
9 4 93 41 26 19 23 35 29 46 6 38 99 44 9 45 69 17 7 8 5 63 68 70
10 4 93 41 26 19 35 23 29 46 38 6 44 45 99 9 17 69 7 8 5 63 68 70
11 4 93 41 26 19 35 23 29 46 38 6 44 45 9 17 99 7 69 8 68 63 5 70
12 4 93 41 26 29 19 35 23 46 38 6 44 45 9 17 7 99 69 8 68 63 70 5
13 4 93 41 26 29 35 19 46 23 38 6 44 45 17 9 7 99 69 8 68 63 70 5
14 4 93 41 26 29 46 35 19 23 38 6 44 45 17 9 7 99 69 8 68 63 70 5
15 4 93 41 26 46 29 35 19 23 38 6 44 45 17 9 99 7 8 69 68 63 70 5
16 93 4 41 26 46 29 19 35 38 23 6 45 17 9 99 7 8 69 44 68 63 70 5
17 93 4 41 26 46 29 19 35 38 23 6 45 17 9 99 7 8 69 68 63 44 70 5
18 93 4 26 41 46 29 19 35 38 23 6 45 17 9 99 7 8 69 68 63 44 70 5
19 93 4 26 41 46 29 19 35 38 23 6 45 17 99 9 7 69 8 68 63 70 5
20 93 4 26 41 46 29 19 38 35 23 6 45 17 99 9 7 69 8 68 63 70 5
21 93 4 26 41 46 29 19 38 35 23 6 45 17 99 9 7 69 8 68 63 70 5
22 93 4 26 41 46 29 19 38 35 23 6 45 17 99 9 7 69 8 68 63 70 5
23 93 4 26 41 46 29 19 38 35 6 23 45 17 99 9 7 69 8 68 63 70 5
24 93 4 26 41 46 29 19 38 35 6 23 45 99 17 9 7 69 8 68 63 70
25 93 4 26 41 46 29 19 38 35 6 23 45 99 17 9 7 69 8 68 63 70
26 93 4 26 41 46 29 19 38 35 6 23 45 99 17 9 7 69 8
L
a
p
s
Lapped riderWinner
Assen, Saturday, June 28, 2014
These data/results cannot be reproduced, stored and/or transmitted in whole or in part by any manner of electronic, mechanical, photocopying, recording, broadcasting or otherwise now
known or herein after developed without the previous express consent by the copyright owner, except for reproduction in daily press and regular printed publications on sale to the public
within 60 days of the event related to those data/results and always provided that copyright symbol appears together as follows below.
© DORNA, 2014
Official MotoGP Timing by
www.motogp.com
TISSOT
