Lap Chart
GP MARLBORO DE PORTUGAL
Computerised results and timing service
4182m
Estoril
125cc
22
Race
Pos
Grid 54
1
41
2
16
3
9
4
24
5
31
6
18
7
26
8
15
9
39
10
11
11
17
12
25
13
21
14
20
15
28
16
6
17
19
18
34
19
22
20
7
21
23
22
5
23
4
24
29
25
12
26
8
27
27
28
77
29
30
30
90
31
86
32
88
33
89
34
87
35
1 24 41 16 54 31 18 9 26 25 28 39 15 19 11 17 20 4 12 21 6 5 22 8 7 77 90 29 23 27 30 86
2 41 24 54 16 31 26 18 15 28 39 11 19 4 12 17 5 6 20 22 21 8 7 23 29 77 27 30 86 90 9
3 41 24 54 31 16 26 18 39 28 11 17 19 4 12 6 5 22 21 20 7 23 8 29 27 77 30 86 90 9
4 41 54 24 16 31 26 18 39 28 11 17 19 6 5 12 21 22 20 23 29 8 27 77 30 86 4 90 7 9
5 41 54 16 24 26 18 11 39 28 17 5 6 19 21 22 12 20 23 29 27 8 77 30 86 9 90 31 7
6 41 54 16 24 26 11 18 39 28 5 6 19 21 22 12 20 23 29 27 77 8 30 86 9 90 7
7 54 41 16 24 26 11 39 18 28 5 6 19 21 22 23 12 20 29 27 77 8 30 86 9 90 7
8 54 41 16 24 26 39 11 18 28 5 6 21 19 22 23 20 12 29 77 8 27 30 86 9 90 7
9 54 41 24 16 26 18 39 28 11 21 19 22 23 20 6 12 29 8 77 27 30 86 9 90 7
10 41 54 24 16 26 39 11 18 28 21 19 20 23 6 12 29 8 77 27 30 9 86 90 7
11 41 54 24 16 26 39 11 18 28 21 19 6 23 20 12 29 8 77 27 30 9 86 90 7
12 41 54 24 16 26 39 18 11 28 21 19 6 20 23 12 8 77 30 9 86 90 29 7
13 41 54 24 16 26 39 18 11 28 21 19 6 20 23 12 8 77 30 9 86 90
14 41 54 24 16 26 39 18 11 28 21 19 6 20 23 12 77 8 30 9 86 90
15 54 24 41 16 26 18 39 11 28 21 6 19 20 23 12 77 8 9 30 86 90
16 54 41 24 16 26 18 39 11 28 21 6 19 20 23 12 77 8 9 30 86 90
17 41 54 24 16 26 18 39 11 6 28 21 19 20 23 12 8 77 9 30 86 90
18 41 54 24 16 26 18 39 11 6 28 21 19 20 23 12 8 77 9 30 86
19 41 54 24 16 26 18 39 11 6 28 21 19 20 23 12 8 77 9 30 86
20 41 54 24 16 26 18 39 11 6 28 21 19 20 23 12 8 77 9 30 86
21 41 54 24 16 26 18 39 11 6 28 21 19 20 23 12 8 77 9 30 86
22 41 54 24 16 26 18 39 11 6 21 28 19 20 23 12 8 9 77 30 86
23 41 54 24 16 26 18 39 11 6 21 19 28 20 23 12 9 77 8 30 86
24 54 41 24 16 26 18 39 6 11 21 19 28 20 12 23 9 77 8 30
L
a
p
s
Lapped riderWinner
Estoril, Sunday, September 09, 2001
These data/results can not be reproduced, stored and/or transmitted in whole or in part by any manner of electronic, mechanical, photocopying, recording, broadcasting or otherwise now
known or herein after developed without the previous express consent by the copyright owner, except for reproduction in daily press and regular printed publications on sale to the public
within 60 days of the event related to those data/results and always provided that copyright symbol appears together as follows below.
© DORNA, 2001
Official information of MotoGP
www.motograndprix.com
