Lap Chart
CINZANO RIO GRAND PRIX
Computerised results and timing service
4933m
Nelson Piquet
125cc
22
Race
Pos
Grid 3
1
15
2
34
3
79
4
48
5
7
6
80
7
17
8
27
9
23
10
1
11
12
12
4
13
22
14
6
15
58
16
8
17
32
18
24
19
19
20
10
21
41
22
36
23
31
24
26
25
33
26
25
27
50
28
63
29
88
30
42
31
28
32
11
33
1 79 15 80 34 27 48 7 12 1 22 23 3 58 6 17 36 10 8 41 4 24 19 32 31 50 26 33 63 42 11 28 88 25
2 79 15 34 48 80 27 7 1 3 22 12 23 58 6 36 17 8 10 4 41 19 31 24 33 63 50 42 26 32 88 28 11
3 79 15 80 3 48 27 34 7 22 1 12 23 36 6 17 8 58 10 4 41 19 33 24 63 50 31 42 32 26 88 28 11
4 79 15 3 27 80 48 34 7 22 1 12 23 17 36 6 8 58 4 10 41 19 33 63 24 42 50 31 32 26 88 28
5 3 15 79 27 80 48 34 22 7 12 1 17 23 8 36 58 6 4 10 19 41 33 63 42 24 32 31 50 88 26 28
6 3 15 79 27 80 34 48 22 7 12 17 23 8 1 58 6 36 4 10 19 33 41 63 42 24 32 31 50 88 26 28
7 3 15 27 79 80 48 22 34 7 17 12 8 23 58 1 6 36 4 10 19 33 41 63 42 32 31 24 50 88 28
8 3 15 27 79 80 22 48 34 7 17 12 8 23 58 6 1 36 4 10 19 41 63 33 32 42 31 24 88 50 28
9 3 15 27 79 48 22 34 7 80 17 8 12 23 58 6 1 4 10 36 19 63 41 33 32 42 24 31 88 50 28
10 15 3 27 79 48 22 34 7 80 17 58 12 23 1 6 4 10 36 19 8 63 33 41 42 32 24 31 88 50 28
11 15 48 3 27 22 79 34 7 80 17 12 58 1 23 6 10 4 36 19 63 33 41 42 24 32 31 88 50 28
12 48 15 3 27 22 34 79 7 80 17 1 58 12 23 6 10 4 19 36 63 33 41 42 24 32 31 88 50 28
13 48 15 27 3 22 34 79 7 80 17 58 1 12 23 6 19 10 4 36 63 33 41 42 24 32 31 88 50 28
14 48 15 27 3 22 34 7 79 80 17 1 58 12 23 6 19 10 4 63 36 33 41 24 32 42 88 31 50 28
15 48 15 27 3 22 34 7 80 79 17 58 1 23 6 12 19 10 4 36 33 41 24 32 88 42 31 50 28 63
16 48 15 27 22 3 34 7 80 79 17 58 1 23 6 12 19 10 4 36 33 41 32 88 24 42 31 50 28
17 15 48 27 22 3 34 7 80 79 17 58 1 23 6 12 10 19 4 36 41 33 32 88 24 31 42 28
18 27 48 15 22 3 34 7 80 79 17 1 58 23 6 12 19 10 4 36 41 33 32 24 88 31 42 28
19 27 15 48 3 22 34 7 80 79 17 58 1 23 6 12 19 10 4 36 41 33 32 24 88 31 42 28
20 15 27 3 48 22 34 7 79 80 17 1 58 23 6 12 10 19 4 36 41 33 24 32 88 31 42 28
21 48 27 15 3 22 34 7 79 80 17 58 23 1 6 12 19 10 4 36 33 41 24 88 32 31 42 28
L
a
p
s
Lapped riderWinner
Rio de Janeiro, Saturday, September 20, 2003
These data/results cannot be reproduced, stored and/or transmitted in whole or in part by any manner of electronic, mechanical, photocopying, recording, broadcasting or otherwise now known or
herein after developed without the previous express consent by the copyright owner, except for reproduction in daily press and regular printed publications on sale to the public within 60 days of the event
related to those data/results and always provided that copyright symbol appears together as follows below.
© DORNA, 2003
Official information of MotoGP
www.motograndprix.com
