Lap Chart
GAULOISES CESKE REPUBLIKY GP
Computerised results and timing service
5403m
Autodrom Brno
125cc
22
Race
Pos
Grid 24
1
41
2
9
3
16
4
18
5
17
6
5
7
28
8
11
9
39
10
54
11
4
12
26
13
29
14
6
15
21
16
31
17
7
18
22
19
19
20
15
21
25
22
34
23
27
24
12
25
8
26
20
27
23
28
96
29
30
30
80
31
84
32
77
33
83
34
85
35
1 24 41 16 39 9 17 28 11 18 4 26 54 7 5 21 15 31 25 22 6 34 29 19 12 8 84 77 27 20 30 85 80 23 83 96
2 24 16 41 17 9 39 28 11 18 4 54 26 21 7 5 15 22 31 25 6 34 29 12 19 77 27 84 20 8 30 23 80 85 96 83
3 24 16 41 17 9 11 39 18 28 4 54 26 21 7 5 15 22 25 31 34 6 29 12 19 20 27 77 84 30 8 23 80 96 85 83
4 24 16 41 17 9 11 39 18 28 4 54 26 21 5 15 7 22 31 25 34 6 29 12 19 20 27 77 30 84 23 80 96 83 85 8
5 24 16 41 9 17 11 18 28 39 54 26 21 5 4 15 7 31 22 25 34 6 29 12 19 20 27 77 30 23 84 80 96 83 85
6 24 16 41 9 17 11 18 28 39 54 21 26 5 4 15 7 6 31 25 34 22 29 12 19 20 27 30 77 84 23 80 96 85 83
7 24 41 16 9 17 11 28 18 39 21 54 5 26 15 4 7 6 31 34 25 29 22 19 12 20 27 30 77 84 23 80 96 85 83
8 41 24 9 16 17 11 28 39 18 54 5 21 26 15 4 6 31 29 34 25 22 7 19 12 20 30 27 77 23 84 80 96 83 85
9 41 9 16 24 11 17 39 28 18 54 26 21 5 15 4 6 31 29 34 25 22 7 19 20 30 77 23 27 80 84 96 83 85
10 9 24 16 41 11 17 39 28 18 54 21 26 5 15 4 31 6 34 29 25 22 7 19 20 30 23 77 84 27 96 80 85 83
11 9 24 16 41 11 17 39 18 28 54 21 26 5 15 4 34 31 6 25 29 7 22 19 20 23 77 30 84 80 27 96 83 85
12 9 24 16 41 11 17 18 28 39 26 5 4 15 6 31 34 29 25 7 22 19 20 23 77 30 80 84 96 85 83 27
13 24 9 41 16 17 11 18 39 28 26 5 15 4 6 34 25 31 29 22 7 19 20 23 77 96 30 84 80 83 85 27
14 24 9 41 16 17 11 18 39 28 26 5 15 4 34 6 25 29 22 31 7 19 20 23 77 84 96 80 30 85 83
15 41 16 17 9 24 11 18 39 28 26 5 15 4 6 25 34 29 31 7 22 19 20 23 77 84 80 30 96 83 85
16 41 17 16 9 24 11 39 18 28 26 5 15 4 25 34 6 29 7 31 22 19 20 23 77 30 80 84 96 83 85
17 17 16 41 9 24 11 39 18 26 28 5 15 4 34 6 25 7 29 31 22 19 20 23 77 30 80 84 96 83 85
18 17 16 9 24 41 11 39 18 26 28 5 15 4 34 25 6 31 22 29 19 20 23 77 30 80 84 96 83 85
19 24 9 17 41 11 18 39 26 28 16 5 15 4 25 34 6 31 22 29 19 20 77 23 30 80 84 96 83 85
L
a
p
s
Lapped riderWinner
Brno, Sunday, August 26, 2001
These data/results can not be reproduced, stored and/or transmitted in whole or in part by any manner of electronic, mechanical, photocopying, recording, broadcasting or otherwise now
known or herein after developed without the previous express consent by the copyright owner, except for reproduction in daily press and regular printed publications on sale to the public
within 60 days of the event related to those data/results and always provided that copyright symbol appears together as follows below.
© DORNA, 2001
Official information of MotoGP
www.motograndprix.com
