GRAN PREMIO IVECO DE ARAGÓN
Results and timing service provided by
5078 m.
MotorLand Aragon
Moto2
Race
Lap Chart 31
Pos
Grid 18
1
80
2
40
3
30
4
81
5
3
6
60
7
15
8
11
9
5
10
12
11
54
12
45
13
19
14
36
15
52
16
92
17
95
18
77
19
23
20
8
21
88
22
96
23
49
24
28
25
25
26
44
27
70
28
17
29
10
30
7
31
97
32
34
33
1 18 40 80 30 3 45 81 77 54 11 60 36 15 5 88 8 95 92 23 28 49 96 52 17 10 70 25 7 97 34
2 18 40 80 30 45 81 77 3 54 60 36 11 5 15 88 23 8 92 95 28 96 49 52 17 10 25 70 7 97
3 18 30 45 40 80 81 77 54 36 3 60 5 11 15 23 88 8 92 95 28 96 49 52 17 25 10 70 7 97
4 18 45 80 40 81 54 36 77 60 5 3 15 11 23 88 95 8 92 28 96 49 52 17 30 25 10 70 7 97
5 18 45 80 40 81 54 36 77 5 60 3 15 11 23 95 88 8 92 28 96 49 52 17 30 25 10 7 70 97
6 18 45 80 40 81 36 54 5 77 15 3 60 11 23 95 92 88 8 28 96 49 52 30 17 10 7 70 97
7 18 80 45 40 81 36 5 54 77 15 3 60 11 23 95 92 88 8 49 96 28 30 52 17 10 7 70 97
8 18 80 45 40 81 36 5 54 15 77 60 11 23 95 92 8 88 49 30 96 52 28 17 10 7 70 97
9 18 45 80 40 36 81 5 54 15 77 60 11 23 95 92 8 30 88 49 52 96 28 17 10 7 70 97
10 18 45 80 40 36 81 5 54 15 77 60 11 23 95 92 30 8 88 49 52 96 28 17 10 70 7 97
11 18 45 80 40 36 81 5 54 15 60 77 11 23 92 95 30 8 49 88 52 96 28 17 10 70 7 97
12 18 45 80 40 36 81 5 54 15 60 77 11 23 92 95 30 8 49 88 52 96 28 17 70 7 10 97
13 18 80 45 40 36 81 5 54 15 60 77 11 23 30 92 95 8 49 88 52 96 28 17 70 7 10 97
14 18 80 45 40 36 81 5 54 15 60 77 11 23 30 92 95 49 8 88 52 96 28 17 70 7 10 97
15 18 80 45 40 36 81 5 54 60 15 77 11 23 30 92 49 8 88 52 96 28 17 7 70 10 97
16 18 80 45 40 36 81 5 54 60 15 11 77 23 30 92 49 8 52 88 96 28 17 7 70 10 97
17 18 80 45 40 36 81 5 54 60 15 11 77 23 30 92 52 49 8 88 96 28 17 7 70 10 97
18 18 80 45 40 36 81 5 60 54 15 11 77 23 30 92 52 49 8 88 96 28 17 7 70 10 97
19 18 80 45 40 36 81 5 60 54 15 11 77 23 30 92 52 8 49 88 96 28 17 7 70 10 97
20 18 80 40 45 36 81 5 60 15 54 11 77 23 30 92 52 8 49 88 96 28 17 7 70 10 97
21 18 80 40 45 36 81 5 60 54 11 30 23 77 92 52 49 8 96 88 28 17 7 70 10
L
a
p
s
Lapped riderWinner
Alcañiz, Sunday, September 29, 2013
These data/results cannot be reproduced, stored and/or transmitted in whole or in part by any manner of electronic, mechanical, photocopying, recording, broadcasting or otherwise now
known or herein after developed without the previous express consent by the copyright owner, except for reproduction in daily press and regular printed publications on sale to the public
within 60 days of the event related to those data/results and always provided that copyright symbol appears together as follows below.
© DORNA, 2013
Official MotoGP Timing by
www.motogp.com
TISSOT
