           Motegi                  Computerised results and timing service provided by TISSOT
                                                                                                                                                                      Moto2
                                  GRAND PRIX OF JAPAN
                                  Race
          4801 m.                 Lap Chart                                                                                                                                           19
Pos        1 2 3 4 5 6 7 8 9 10 11 12 13 14 15 16 17 18 19 20 21 22 23 24 25 26 27 28 29 30 31 32 33 34 35 36 37 38 39
Grid      60 45 72 24 71 15 17 65 68 29 44 77 16 10 25 12 35 3 63 40 9 14 56 55 11 6 2 80 28 8 53 70 4 39 95 5 88 61 66


     1    24 60 72 45 16 15 71 17 65 68 10                     3 77 35 29 12 44 63 40 14 25                   9    2 80     6 56 53        8 88 55 28 70          4 95 39 66 93              5 61
     2    24 60 72 45 16 15 65 71 17 68                    3 35 77 10 29 44 63 12 40 14 25                    6    2    9 80 53 56         8 55 28 88        4 70 95 93 66 39                5 61
     3    24 60 72 45 16 15 65 17 68 71                    3 35 77 29 44 10 63 12 40                 6 14     2 80      9 53 56 55         8 28     4 88 95 70 66 93 39              5 61 25
     4    24 60 72 45 15 16 17 65 68                  3 35 71 29 44 77            6 12 63 40         2 14 80       9 56 55 53         8 28     4 88 95 66 70 39            5 93 61 25
     5    24 60 72 45 15 16 17 68                3 65 35 71 29 44 77              6 12 63 40         2 14 80       9 55 56 53         8 28     4 88 95 66 70           5 39 93 61 25
     6    24 60 72 45 15 17             3 65 16 35 29 68 71 44 77                 6 12 63 40         2 14 80       9 55 56 53         8 28     4 88 95 66         5 70 39 93 61 25
     7    24 60 72 45 15 17             3 65 16 35 68 71 44              6 77 12 63 29 40            2 14 80       9 55 56 53         8 28     4 88 95 66         5 70 39 61 93 25
     8    24 60 72 45 15 17 65 16 35 68 44 71                       6 77 12       3 63 40 29         2 14 80       9 55 56 53         8 28     4 88 95 66         5 70 39 61 93 25
     9    24 60 72 45 15 17 65 16 35 68 44                     6 12 71 77         3 29 63 40         2 80     9 14 55 56         8 53 28       4 88 95 66         5 70 39 61 93 25
    10    24 60 72 45 15 17 65 16 35 68 44                     6 12 71 77         3 29 63 40         2 80     9 55 56 14         8 28 53       4 88 95 66         5 70 39 61 93 25

L   11    24 60 72 15 45 17 65 16 35 68                    6 44 12 71 77          3 29 63 40         2 80 55       9 56 14       8 28 53       4 95 66 88         5 39 70 61 93 25
a   12    24 60 72 15 17 45 65 16                6 68 44 35 12 71 77              3 29 63 40 80           2 55     9 56 14 28         8 53     4 88 95       5 39 70 61 25 93
p         24 60 72 15 17 45 65               6 16 44 68 12 35 71 77 29                 3 40 63 80         2 55 56       9 14 28 53         8   4 88 95       5 39 70 61 25 93
s
    13
    14    24 60 72 15 17 45 65               6 44 16 68 12 35 77 71               3 29 40 63 80           2 56     9 14 28 53         8    4 88 95       5 39 25 70 61 55 93
    15    24 60 15 72 17 45 65 44                6 12 35 77 68 71            3 29 16 40 63 80             2 56     9 14 28 53         8    4 88 95       5 39 25 61 55 70 93
    16    24 60 15 72 17 45 65 44                6 12 35 77 68           3 71 29 16 40 63 80              2 56     9 14 28       8 53      4 88     5 95 25 39 55 61 70 93
    17    24 60 15 72 17 45 65 44                6 12 77 68         3 35 71 29 16 40 63 80                2 56     9 14 28       8 53      4 88     5 95 25 39 55 61 70 93
    18    24 60 15 72 17 45 65               6 44 12 68        3 35 71 77 29 16 40 63 80                  2 56     9 14     8 28 53        4 88     5 95 25 39 55 61 70 93
    19    24 60 15 72 17 45 65 12                6 44 68       3 35 77 71 29 16 40 63 80                  2 56     9 14     8 28 53        4 88     5 95 25 39 55 61 70 93
    20    24 60 15 72 17 45 65 12                6 44 68       3 77 35 29 71 16 40 63 80 56                   2    9 14     8 28 53        4   5 88 95 25 55 39 61 70 93
    21    24 60 15 17 72 45 65 12                6 44      3 77 29 71 35 16 40 63 56 80                   2   9    8 14 28 53         4    5 25 95 88 55 39 61 70 93
    22    24 60 15 17 45 72 65 12                6 44      3 77 29 71 35 16 40 63 56 80                   2   9    8 14 28 53         4 88 95 55 39 61 70 93
    23    24 60 17 15 45 72 65 12 44                  6    3 77 29 71 35 16 40 63 80 56                   2   9    8 14 28 53         4 95 88 55 39 61 70 93




          Winner                   Lapped rider
These data/results cannot be reproduced, stored and/or transmitted in whole or in part by any manner of electronic, mechanical, photocopying, recording, broadcasting or otherwise now
known or herein after developed without the previous express consent by the copyright owner, except for reproduction in daily press and regular printed publications on sale to the public
within 60 days of the event related to those data/results and always provided that copyright symbol appears together as follows below.
© DORNA, 2010

Official MotoGP Timing byTISSOT
www.motogp.com

Motegi, Sunday, October 03, 2010
