POLINI GRAND PRIX OF CHINA
Computerised results and timing service
5281 m.
Shanghai Circuit
125cc
Race
Lap Chart 22
Pos
Grid 36
1
52
2
60
3
19
4
14
5
75
6
1
7
35
8
10
9
71
10
32
11
22
12
33
13
8
14
41
15
63
16
29
17
11
18
24
19
55
20
6
21
17
22
16
23
18
24
43
25
7
26
45
27
23
28
9
29
38
30
15
31
12
32
44
33
37
34
21
35
13
36
26
37
20
38
53
39
86
40
1 75 60 36 35 14 32 19 1 52 10 71 33 22 63 55 24 41 29 6 16 11 17 38 7 21 37 53 15 43 12 44 26 23 45 20 13 86 18 9
2 36 75 60 14 52 32 19 35 71 22 33 10 55 63 1 29 24 6 41 11 17 16 7 21 15 38 12 37 53 43 44 23 26 18 20 45 13 86 9
3 36 75 60 14 52 32 19 35 22 71 33 55 1 24 63 29 6 41 11 17 16 7 15 21 38 53 12 37 43 44 23 18 26 20 13 45 86 9
4 36 75 14 60 52 19 32 22 35 71 33 55 24 63 29 6 41 11 17 16 15 38 21 7 12 53 43 37 44 23 18 26 20 13 1 45 86 9
5 36 75 14 60 52 19 22 35 32 71 55 33 24 29 6 63 41 11 17 16 15 38 12 21 53 43 7 37 18 44 23 26 20 13 45 86 9
6 36 75 14 60 52 19 22 35 32 71 55 24 33 6 29 63 41 11 17 16 15 12 38 21 43 53 37 7 18 44 23 26 20 13 45 9 86
7 36 75 14 60 52 19 22 35 32 71 24 55 33 6 29 63 41 11 17 16 15 12 38 53 43 21 18 37 7 23 44 26 13 20 45 9 86
8 36 75 52 14 60 19 22 35 32 71 24 55 33 6 29 63 11 17 41 16 15 38 12 53 43 21 18 37 7 23 44 26 20 13 45 9 86
9 36 75 52 60 14 19 35 22 32 71 24 55 33 6 29 63 17 41 11 16 15 38 53 12 43 18 21 37 44 23 26 13 20 45 7 9 86
10 36 75 52 60 19 14 35 32 71 22 24 55 33 6 29 63 41 17 11 16 15 38 53 43 12 18 21 37 44 23 20 13 26 45 9 7 86
11 75 36 19 52 60 14 32 35 71 22 24 55 33 6 29 63 41 17 11 16 38 53 15 18 43 12 21 37 44 23 20 26 13 45 9 86
12 36 75 19 52 60 14 32 35 71 24 55 33 22 6 29 63 11 41 16 17 38 18 53 43 15 12 21 44 37 23 20 26 13 45 9
13 75 36 19 52 14 60 35 71 32 24 55 33 6 29 22 63 11 41 17 16 18 38 53 43 15 12 44 37 21 23 20 26 13 45 9
14 75 19 36 52 60 14 32 71 35 24 55 33 6 29 63 22 11 41 17 16 18 53 43 38 12 15 37 44 23 21 20 26 13 45 9
15 75 36 19 52 60 14 35 32 71 24 55 33 29 6 63 11 41 17 16 18 53 43 38 12 15 44 37 23 21 20 26 13 45 22 9
16 75 36 19 52 14 60 35 32 71 24 55 33 29 6 63 11 41 17 16 18 38 43 12 53 15 44 37 23 21 20 26 13 45 9
17 75 36 19 52 14 60 24 32 71 35 55 33 29 6 63 11 41 17 16 18 43 38 53 12 15 37 44 21 26 20 13 45 9
18 19 75 36 52 60 14 24 32 55 35 71 33 29 6 63 11 41 16 17 18 43 38 12 53 15 44 37 21 20 26 13 45 9
19 36 75 19 14 60 52 55 32 71 24 33 35 29 6 63 41 11 16 18 17 43 38 12 53 15 44 37 21 20 26 13 45 9
L
a
p
s
Lapped riderWinner
Shanghai, Sunday, May 14, 2006
These data/results cannot be reproduced, stored and/or transmitted in whole or in part by any manner of electronic, mechanical, photocopying, recording, broadcasting or otherwise now known or
herein after developed without the previous express consent by the copyright owner, except for reproduction in daily press and regular printed publications on sale to the public within 60 days of the event
related to those data/results and always provided that copyright symbol appears together as follows below.
© DORNA, 2006
Official information of MotoGP
www.motogp.com
