Lap Chart
GAULOISES AFRICA'S GRAND PRIX
Computerised results and timing service
4242m
Welkom Circuit
250cc
22
Pos
Grid 56
1
4
2
74
3
14
4
19
5
21
6
6
7
13
8
37
9
30
10
9
11
18
12
26
13
77
14
66
15
15
16
24
17
8
18
41
19
16
20
54
21
11
22
10
23
42
24
25
25
12
26
31
27
44
28
1 56 74 4 13 21 14 6 19 9 37 18 8 30 77 26 44 41 24 11 66 54 42 12 31 10 15 16
2 56 74 4 13 21 14 6 19 9 37 8 30 77 18 44 26 24 11 41 66 42 54 15 10 12 16 31
3 56 74 4 21 14 13 6 19 9 37 8 30 77 18 11 44 24 66 26 42 41 54 10 15 16 12 31
4 56 4 74 21 14 6 19 13 9 37 8 30 77 24 18 11 66 44 26 54 42 41 10 16 12 31
5 56 74 4 14 19 6 21 13 9 37 8 30 77 24 18 11 66 26 44 54 41 42 16 12 31 10
6 56 74 4 14 19 6 21 13 9 37 8 30 77 24 18 11 66 26 54 44 42 41 16 12 31 10
7 56 74 4 19 14 6 21 13 9 37 8 30 24 77 18 11 54 26 44 42 66 41 16 12 31 10
8 56 74 4 19 14 6 21 9 13 37 8 24 30 77 18 54 26 44 11 42 41 16 66 12 31 10
9 56 74 4 19 14 6 21 9 37 8 13 24 30 77 18 44 26 54 42 11 16 41 12 31 10
10 56 74 4 19 14 6 21 9 8 13 24 30 77 18 26 44 54 42 16 41 11 12 31 37 10
11 56 74 4 19 14 6 21 9 8 13 24 30 77 18 26 54 44 42 16 41 11 12 31 10
12 56 74 4 19 14 6 21 9 8 13 24 30 77 18 26 54 44 42 41 16 11 12 31 10
13 56 74 4 19 14 6 21 9 8 13 24 30 77 18 26 44 42 41 16 11 12 31 10
14 56 74 4 19 14 6 21 9 8 13 24 30 77 18 26 44 42 41 16 11 12 31 10
15 56 74 4 19 14 6 21 9 8 13 24 30 77 18 26 44 42 41 16 12 31 10
16 56 74 4 19 14 6 21 9 8 24 13 18 30 77 26 44 42 41 16 12 31 10
17 56 74 4 19 14 21 6 9 8 24 13 30 77 18 26 44 42 41 16 12 31 10
18 56 4 74 19 14 21 6 9 8 24 13 30 77 18 26 44 42 41 12 31 10
19 56 4 74 19 14 21 6 9 8 24 13 30 77 26 44 42 18 41 12 31 10
20 56 4 74 19 14 21 6 9 8 24 30 77 13 26 44 42 41 12 31 10
21 56 4 74 19 14 21 6 9 8 24 30 77 13 26 44 42 41 12 10
22 56 74 4 19 14 21 6 9 8 24 30 77 13 26 44 42 41 12
23 56 74 4 19 14 21 6 9 8 24 30 77 13 26 44 42 41 12
24 56 74 4 19 14 21 6 9 8 24 30 77 13 26 44 42 41 12
25 56 74 4 19 14 21 6 9 24 8 77 30 13 26 44 42 41 12
26 56 74 4 19 14 21 6 9 24 8 77 30 13 26
L
a
p
s
Lapped riderWinner
Welkom, Sunday, March 19, 2000
MotoGP MotoGP MotoGP MotoGP MotoGP MotoGP MotoGP MotoGP MotoGP MotoGP MotoGP MotoGP MotoGP MotoGP MotoGP MotoGP MotoGP MotoGP MotoGP MotoGP MotoGP MotoGP MotoGP MotoGP MotoGP MotoGP MotoGP MotoGP MotoGP MotoGP MotoGP MotoGP MotoGP MotoGP MotoGP MotoGP MotoGP MotoGP MotoGP Moto
Official information of MotoGP
