Lap Chart
GAULOISES AFRICA'S GRAND PRIX
Computerised results and timing service
4242m
Welkom Circuit
500cc
22
Pos
Grid 5
1
65
2
2
3
7
4
46
5
8
6
1
7
99
8
24
9
4
10
17
11
9
12
10
13
31
14
6
15
55
16
22
17
11
18
12
19
25
20
15
21
1 2 7 8 65 5 6 1 24 10 99 17 4 46 55 31 9 11 22 15 12 25
2 7 2 65 8 5 6 1 10 24 99 46 17 4 9 55 22 11 15 25 12 31
3 7 65 2 8 5 6 1 10 24 46 99 17 4 9 55 22 11 25 15 12
4 7 65 2 8 5 6 1 10 46 99 24 17 9 4 55 22 11 25 15 12
5 7 65 2 8 5 6 1 46 10 24 99 9 17 4 55 22 25 11 15 12
6 65 7 2 8 5 6 1 46 10 24 9 99 17 4 55 22 25 15 12 11
7 65 7 2 8 5 1 6 10 46 24 9 4 17 55 99 22 25 15 12 11
8 65 7 2 8 5 1 10 46 6 24 9 4 17 55 22 25 15 12 11
9 65 7 2 8 5 1 10 46 6 24 9 4 17 55 22 25 15 12 11
10 65 7 2 8 5 1 46 10 6 24 9 4 17 55 22 25 15 12 11
11 65 7 2 8 5 46 1 10 6 24 9 4 17 55 22 25 15 12 11
12 65 7 2 8 5 46 1 10 24 6 9 17 55 4 22 25 15 12 11
13 65 7 2 8 5 1 10 24 6 9 17 55 22 25 15 12 11
14 65 7 2 8 5 1 10 24 6 9 17 55 22 25 15 12 11
15 65 7 2 8 5 1 10 24 6 9 17 55 22 25 15 12 11
16 65 7 2 8 5 1 24 10 6 9 17 55 22 25 15 12 11
17 65 7 2 8 5 24 1 10 6 9 17 55 22 25 15 12 11
18 7 65 2 8 5 24 1 10 6 9 17 55 22 25 15 12 11
19 7 65 24 2 5 8 1 10 6 9 17 55 22 25 15 12 11
20 7 65 24 2 5 1 10 8 6 9 17 55 22 25 15 12 11
21 7 65 24 2 10 1 8 6 9 17 55 22 25 15 12 11
22 7 24 65 2 10 1 6 9 17 55 22 25 15 12 11
23 24 7 65 10 1 2 6 9 55 17 22 25 15 12 11
24 24 7 65 1 10 2 6 9 55 17 22 25 15 12 11
25 24 7 65 1 10 2 6 9 55 17 25 22 15 12 11
26 24 7 65 10 1 2 6 9 55 17 25 22 15 12 11
27 24 7 65 10 1 2 6 9 55 17 25 22 15 12 11
28 24 7 65 10 1 2 6 9 55 17 25 22 15 12
L
a
p
s
Lapped riderWinner
Welkom, Sunday, March 19, 2000
MotoGP MotoGP MotoGP MotoGP MotoGP MotoGP MotoGP MotoGP MotoGP MotoGP MotoGP MotoGP MotoGP MotoGP MotoGP MotoGP MotoGP MotoGP MotoGP MotoGP MotoGP MotoGP MotoGP MotoGP MotoGP MotoGP MotoGP MotoGP MotoGP MotoGP MotoGP MotoGP MotoGP MotoGP MotoGP MotoGP MotoGP MotoGP MotoGP Moto
Official information of MotoGP
