            Assen                  Computerised results and timing service provided by TISSOT
                                                                                                                                                                      Moto2
                                  TIM TT ASSEN
                                  Race
          4542 m.                 Lap Chart                                                                                                                                           19
Pos        1 2 3 4 5 6 7 8 9 10 11 12 13 14 15 16 17 18 19 20 21 22 23 24 25 26 27 28 29 30 31 32 33 34 35 36 37 38 39
Grid      29 14 6 48 12 24 60 10 71 16 52 17 72 44 75 65 63 8 3 45 41 68 2 53 40 15 35 25 61 19 59 80 77 9 55 39 5 21 76


     1    29 10 14 24 48 12 16 71 60 63 75 52 72 17 65 68                              3    8 77     2 45 41 40 44 61 25 19 53 35                   9 15 59 21 55 76 39 95                   5
     2    29 14 24 10 48 12 16 71 60 75 63 72 17 65 52                            3 68      2 77 45 40 41          8 44 61 19 25           9 35 15 53 59 55 76 39 21                 5 95
     3    29 24 14 10 12 16 48 60 75 71 63 17 72 65                          3 52 68        2 45 77 40 41 44 19             8 61      9 25 35 15 53 59 55 76 39 21 95                        5
     4    29 24 14 12 16 10 60 48 75 63 17 72 65                         3 71     2 52 68 45 77 40 44 41 19                 8 25 61        9 35 15 53 59 55 76 39 21                 5 95
     5    29 24 14 12 16 60 75 10 48 63 17 72 65                         3   2 71 52 45 68 77 44 19 41 40 25 61                       8 35 15       9 59 53 55 39 76 21              5 95
     6    29 24 14 12 16 60 48 75 10 63 17 72 65                         3   2 45 68 71 52 77 44 19 41 40 25 61 15                         9   8 35 59 53 55 76 39 21                5 95
     7    29 24 14 12 16 60 48 75 63 17 72                     2    3 45 68 65 71 52 44 77 19 41 40 25 61 15                          9 35     8 39 55 59 76 21            5 95 53 10
     8    29 24 14 12 60 16 48 75 63 17 72                     2    3 45 68 65 71 52 44 77 19 25 41 40 61 15                          9 35 39 55 76 59 21              8   5 95 53
     9    29 24 14 12 60 48 16 63 75 17 72                     2    3 45 68 65 71 44 52 77 25 19 41 61 40 15                          9 35 55 76 39 59 21 95               5 53      8

    10    29 24 14 12 60 48 16 63 75 17 72                     2    3 45 68 65 71 44 52 77 25 19 61 40 15                        9 35 55 76 39 59 21 95                5 53 41       8

L   11    29 24 14 12 48 60 16 63 75 17 72                     2 45      3 68 65 71 44 77 52 25 19 61 40 15                      9 35 76 55 39 59 21              5 95 53 41
a   12    29 14 24 12 48 60 16 63 75 72 17                     2 45      3 68 65 71 44 77 52 25 19 61 15 40                      9 35 76 55 39 59 21              5 95 53 41
p         29 14 24 12 48 60 16 63 72 17 75                     2 45      3 68 65 44 71 77 52 25 19 61 15 40                      9 35 76 55 59 39 21              5 95 53 41
s
    13
    14    29 24 14 12 48 60 16 63 72 17 75                     2 45      3 68 65 71 77 52 25 61 19 15 40                    9 35 44 76 55 59 39 21                5 95 53 41
    15    29 24 14 12 48 60 16 63 72 17                    2 75 45       3 68 65 71 77 25 52 61 15 19                   9 40 35 76 55 59 39 21               5 95 53 41
    16    29 24 14 12 48 60 16 63 72 17                    2 45     3 75 68 65 71 25 77 15 61 19 40                     9 35 55 76 59 39 52 21               5 95 53
    17    29 24 14 12 48 60 16 63 72 17                    2 45     3 75 65 68 71 25 77 61 15 19 40                     9 35 55 59 76 39 21              5 95 53
    18    29 24 14 12 48 60 16 63 72 17                    2 45     3 75 68 65 71 25 77 61 15 19 40                     9 35 55 59 76 39 21              5 95 53
    19    29 24 14 12 48 60 16 63 17 72 45                     3    2 75 65 68 71 25 77 61 19 15 40                     9 35 55 59 76 39 21              5 95 53
    20    29 24 14 12 48 60 63 16 17 72 45                     3    2 75 68 25 71 65 77 61 19 15 40                     9 35 59 55 76 39 21              5 53 95
    21    29 24 14 12 48 60 16 17 63 72 45                     3    2 75 68 25 71 77 65 61 19 15 40                     9 35 59 55 76 39 21 53 95                 5
    22    29 24 14 12 48 60 16 63 17 72 45                     3    2 75 68 25 71 77 65 61 15 19 40                     9 35 59 55 39 76 21 53 95                 5
    23    29 24 12 14 48 60 16 63 17 72 45                     3    2 75 25 68 71 77 65 61 15 19 40                     9 35 59 55 39 76 21 53 95                 5
    24    29 24 12 14 48 60 16 63 17 72 45                     3    2 75 68 25 71 77 65 15 61                 9 40 59 55 39 35 76 21 53 95                   5




          Winner                   Lapped rider
These data/results cannot be reproduced, stored and/or transmitted in whole or in part by any manner of electronic, mechanical, photocopying, recording, broadcasting or otherwise now
known or herein after developed without the previous express consent by the copyright owner, except for reproduction in daily press and regular printed publications on sale to the public
within 60 days of the event related to those data/results and always provided that copyright symbol appears together as follows below.
© DORNA, 2010

Official MotoGP Timing byTISSOT
www.motogp.com

Assen, Saturday, June 26, 2010
