TIM TT ASSEN
Computerised results and timing service provided by
4542 m.
Assen
125cc
Race
Lap Chart 19
TISSOT
Pos
Grid 93
1
38
2
40
3
44
4
11
5
53
6
7
7
12
8
23
9
15
10
99
11
35
12
5
13
71
14
39
15
84
16
14
17
78
18
50
19
26
20
69
21
68
22
87
23
60
24
63
25
32
26
72
27
64
28
67
29
66
30
65
31
94
32
1 93 40 7 38 99 11 23 44 35 12 39 71 14 53 78 26 15 5 94 50 69 87 60 68 84 63 64 66 72 65 67
2 93 40 38 7 44 11 99 12 23 39 35 14 53 71 15 78 94 26 50 5 87 69 84 60 63 64 72 66 65 67 68
3 93 40 44 7 38 11 12 99 35 23 39 14 53 15 71 94 78 5 26 50 87 69 84 60 63 68 72 64 65 66 67
4 93 40 44 38 11 12 99 23 35 39 14 15 53 94 71 78 5 26 50 84 87 69 60 63 68 72 64 66 65 67
5 93 40 44 38 11 99 23 35 39 14 15 53 94 71 5 78 26 84 50 87 69 60 63 68 72 64 66 65 67
6 93 40 44 38 11 99 35 39 23 14 15 94 71 53 5 78 84 26 50 69 87 60 68 63 72 64 66 65 67
7 93 40 44 38 11 99 35 39 23 15 14 94 53 71 5 78 84 50 26 69 87 60 68 63 72 66 67 64 65
8 93 40 44 38 11 99 35 39 23 15 14 94 53 71 5 84 78 50 26 87 69 60 68 63 72 66 64 67 65
9 93 40 44 38 11 99 35 39 23 15 14 94 53 71 5 84 78 26 50 69 60 68 63 72 66 67 64 65
10 93 40 44 38 11 99 35 39 23 15 14 94 53 71 5 84 78 26 50 69 60 68 63 72 67 64 65 66
11 93 40 44 38 11 99 35 39 15 14 23 94 53 71 5 84 26 78 50 69 60 68 63 72 67 64 66 65
12 93 40 44 38 11 99 35 39 15 23 14 94 53 71 5 84 26 78 50 69 60 68 63 64 67 66 65
13 93 40 44 38 11 99 35 39 15 23 14 94 53 71 5 84 26 50 78 69 60 68 63 64 66 67 65
14 93 40 44 38 11 99 35 39 15 23 14 94 53 71 5 84 50 78 26 69 60 68 63 67 66 64 65
15 93 40 44 38 11 99 35 39 15 23 14 94 53 71 5 84 50 78 26 69 68 60 63 66 67 64
16 93 40 44 38 11 99 35 39 15 23 94 14 53 71 5 84 50 78 26 69 68 60 63 66 64 67
17 93 40 44 38 11 99 35 39 15 94 23 14 53 71 5 84 26 78 50 69 68 60 63 66 64
18 93 40 44 38 11 99 35 39 15 94 23 14 53 71 5 84 26 78 50 69 68 60 63 66 64
19 93 40 44 38 11 99 35 39 15 94 23 14 53 71 5 84 26 78 50 69 68 60 63 66 64
20 93 40 44 38 11 99 35 39 15 94 23 14 53 71 84 5 26 50 78 69 68 60 63 66 64
21 93 40 44 38 11 35 99 39 15 94 23 14 53 71 84 50 26 78 69 68 60 63 66 64
22 93 40 44 38 11 35 99 39 15 94 23 14 53 71 84 26 50 78 69 68 60 63
L
a
p
s
Lapped riderWinner
Assen, Saturday, June 26, 2010
These data/results cannot be reproduced, stored and/or transmitted in whole or in part by any manner of electronic, mechanical, photocopying, recording, broadcasting or otherwise now
known or herein after developed without the previous express consent by the copyright owner, except for reproduction in daily press and regular printed publications on sale to the public
within 60 days of the event related to those data/results and always provided that copyright symbol appears together as follows below.
© DORNA, 2010
Official MotoGP Timing by
www.motogp.com
TISSOT
