    Circuito de Jerez              Results and timing service provided by
                                                                                                                                                                      Moto3
                                  GRAN PREMIO bwin DE ESPAÑA
                                  Race
          4423 m.                 Lap Chart                                                                                                                                           31
Pos        1 2 3 4 5 6 7 8 9 10 11 12 13 14 15 16 17 18 19 20 21 22 23 24 25 26 27 28 29 30 31 32 33 34
Grid      20 52 44 41 65 98 33 5 23 9 10 84 32 76 88 21 7 58 31 12 95 11 55 6 17 2 16 40 24 63 19 91 29 22


     1    44 20 41 52         5 65 23 98 33 84             7 10 32       9 55 21 88 76          6 31 95 17 58 16 91 11 2 12 29 40 63 24 19 22
     2    44 52 41 20         5 23 98        7 84 32 65 10 21            9 55 76 33 88 17 31              6 95 58 11 16 29 40 12 91                 2 24 63 19 22
     3    44 52 20 41         7 98      5 84 32 21 23 10 65              9 55 33 88 17 76 31 95 11 58 16 29 40 12                          2 24 91 63 22 19
     4    44 52 20 41 98           7    5 21 32 10 84 23            9 33 65 55 76 17 88 31 95 11 58 16 29 40 12                            2 24 63 22 19
     5    52 44 20 41         7    5 32 21 84         9 10 33 23 76 65 17 55 31 95 88 11 58 16 29 40 12                               2 24 63 22 19 98
     6    52 20 44 41         7    5 32 21 84         9 10 76 23 17 65 33 55 95 88 11 40 16 29 58 12 24                               2 63 31 22 19 98
     7    52 44 20 41         7    5 84 32 21         9 10 76 17 23 65 33 55 95 88 11 16 29 58 12 40 24                               2 63 98 31 22 19
     8    52 44 20 41         7    5 84 21       9 32 10 76 17 65 23 33 95 55 88 11 29 58 16 12 40 24                                 2 98 31 63 22 19
     9    52 44 20 41         7    5 84 21       9 32 76 10 17 65 33 23 95 55 88 11 40 12 29 16 24 58                                 2 98 31 63 22 19
    10    52 44 41 20         7    5 21 84       9 76 32 10 17 65 33 23 95 55 11 88 12 29 40 58 24 16                                 2 98 31 63 22 19

L   11    20 41 44        7 52     5 84      9 21 76 32 10 17 65 33 23 95 55 11 88 12 29 58 24 40                                2 16 98 31 63 22 19
a   12    44 20 41 52         7    5 21 84 76 32           9 17 10 33 65 95 11 88 55 12 58 29 24                        2 16 40 98 31 63 22 19
p         20 44 52 41         7    5 21 76 84         9 17 32 10 65 33 95 11 88 55 58 12 29 16 24                           2 40 98 31 63 22
s
    13
    14    52 20 44 41         7    5 21 84 76         9 17 32 65 33 10 95 11 88 55 24 58 29 16 12 98                             2 31 40 63 22
    15    52 20 44 41         7    5 21 84       9 76 17 32 65 33 10 95 11 55 88 24 58 29 98 12 31 16                                 2 40 63 22
    16    52 20 44 41         7    5 21      9 32 17 65 33 95 10 11 55 88 58 98 24 31 29                           2 16 40 12 63 22
    17    20 44 52 41         7    5 21      9 17 32 65 33 95 11 10 55 88 98 58 31 24 29 16                             2 40 12 63 22
    18    44 20 52 41         7    5 21      9 32 17 65 95 33 11 10 88 55 98 31 29 58 16 24 40 12                                2 63 22
    19    44 52 20 41         7    5 21      9 17 32 33 95 11 10 88 55 98 31 29 58 24 40 16 12                              2 63 22
    20    20 52 44 41         7    5 21      9 32 17 33 95 11 10 88 55 98 58 29 31 16 24 12 40                              2 63 22
    21    52 20 44 41         7    5 21      9 33 32 17 95 11 10 88 55 98 29 31 12 58 24 16 40                              2 63 22
    22    20 44 52 41         7    5 21      9 33 17 32 95 11 10 88 55 98 31 12 58 16 29 24 40                              2 63 22
    23    52 44 41 20         7    5 21      9 33 17 32 95 11 88 10 55 31 12 29 58 16 98 24 40                              2 63 22




          Winner                   Lapped rider
These data/results cannot be reproduced, stored and/or transmitted in whole or in part by any manner of electronic, mechanical, photocopying, recording, broadcasting or otherwise now
known or herein after developed without the previous express consent by the copyright owner, except for reproduction in daily press and regular printed publications on sale to the public
within 60 days of the event related to those data/results and always provided that copyright symbol appears together as follows below.
© DORNA, 2015

Official MotoGP Timing byTISSOT
www.motogp.com

Jerez de la Frontera, Sunday, May 03, 2015
