VELTINS MOTORRAD GP DEUTSCHLAND
Computerised results and timing service
3671 m.
Sachsenring
125cc
Race
Lap Chart
22
Pos
Grid 34
1
3
2
21
3
6
4
22
5
58
6
10
7
41
8
23
9
15
10
36
11
27
12
48
13
52
14
24
15
32
16
19
17
33
18
42
19
14
20
63
21
18
22
25
23
54
24
69
25
7
26
12
27
66
28
47
29
39
30
28
31
16
32
40
33
20
34
70
35
35
36
8
37
9
38
1 34 6 58 21 22 24 15 41 36 3 10 52 32 48 23 42 14 54 12 19 69 47 18 63 66 39 7 25 35 33 8 40 20 28 70
2 58 34 21 6 22 41 24 15 3 36 10 48 52 32 23 42 19 14 69 47 18 12 63 66 7 39 35 25 33 8 20 28 40 70 54
3 58 21 6 34 22 41 3 15 36 24 48 10 52 32 42 19 23 14 69 18 12 63 47 7 66 39 33 35 25 8 20 28 40 70 54
4 58 34 21 6 41 22 3 36 48 24 10 15 19 42 52 32 14 18 69 23 12 63 7 47 66 39 33 25 35 8 20 28 40 70 54
5 58 34 21 41 3 22 6 36 24 48 10 15 19 42 32 52 14 18 12 69 63 7 23 47 66 33 39 25 8 35 20 28 40 70 54
6 41 58 34 21 3 6 22 36 24 48 10 15 19 42 32 18 52 14 12 69 63 7 33 23 47 66 39 25 8 35 20 28 40 70 54
7 41 58 34 21 3 6 22 36 24 48 10 15 19 42 32 18 52 14 12 69 7 63 33 39 23 47 66 25 8 35 20 28 40 70 54
8 21 58 22 3 34 41 24 48 36 10 15 6 19 42 32 18 52 14 12 69 7 63 33 39 47 23 66 25 8 35 20 28 40 70 54
9 21 34 58 22 3 24 41 36 48 15 10 19 6 42 18 32 52 14 12 69 7 63 33 39 66 47 8 23 35 25 28 20 70 54 40
10 22 34 58 36 3 24 41 21 15 10 48 19 6 42 52 14 32 12 7 69 33 63 39 66 8 35 23 25 20 28 54 70 40
11 22 58 34 3 36 24 41 15 48 19 21 10 6 42 52 14 32 12 7 69 33 63 39 66 8 35 23 25 20 28 54 40 70
12 22 58 3 34 36 24 41 19 48 15 10 21 6 42 14 52 32 12 7 69 33 63 39 66 23 35 8 25 20 54 28 40 70
13 22 3 34 58 36 41 15 24 19 48 10 21 6 42 52 14 7 32 33 12 69 39 66 63 23 35 54 8 20 25 28 40 70
14 22 3 34 41 15 48 36 19 10 24 21 6 58 42 14 52 33 7 69 12 39 66 23 54 8 35 20 25 28 40 70
15 3 22 34 41 15 48 36 19 10 21 24 6 58 42 14 52 33 7 69 12 39 66 54 23 8 20 35 25 28 40 70
16 3 34 22 41 15 48 36 19 10 6 24 21 58 42 14 33 52 7 69 12 39 66 54 23 8 20 35 28 25 40 70
17 3 34 22 15 41 48 36 19 10 6 24 58 21 42 33 7 52 14 69 12 39 66 54 23 8 20 35 28 40 70
18 3 34 22 15 41 48 19 36 10 6 24 58 21 42 33 7 52 14 12 69 39 66 54 23 20 8 35 28 40
19 3 34 22 15 48 41 36 6 19 10 24 58 21 42 33 7 52 14 12 69 39 66 54 20 8 35 28 23 40
20 3 34 22 15 48 36 41 6 19 10 24 58 21 42 33 7 52 14 12 69 39 66 54 20 8 35 28 23 40
21 22 3 34 15 48 36 41 6 19 10 58 24 21 42 33 7 14 12 52 69 39 66 54 20 8 28 35 23 40
22 22 3 34 15 48 36 6 41 19 10 58 24 21 42 33 12 7 14 52 69 66 39 54 20 8 28 35 23 40
23 3 34 22 15 48 36 6 41 19 10 58 24 21 42 33 12 7 52 14 69 54 66 39 20 8 28 35 23 40
24 3 34 15 22 48 36 6 19 10 58 24 21 42 33 12 7 52 14 69 54 66 39 20 28 35 8 40
25 15 3 34 22 48 36 6 19 10 58 21 24 42 33 12 7 52 14 69 54 66 39 20 28 35 8 40
26 15 34 22 3 48 36 19 6 10 58 21 24 42 33 12 7 52 14 69 54 66 39 20 28 35 8 40
27 15 3 22 34 36 48 19 6 10 58 21 24 42 33 7 14 52 12 69 54 39 66 20 28 35 8
L
a
p
s
Lapped riderWinner
Sachsenring, Sunday, July 18, 2004
These data/results cannot be reproduced, stored and/or transmitted in whole or in part by any manner of electronic, mechanical, photocopying, recording, broadcasting or otherwise now
known or herein after developed without the previous express consent by the copyright owner, except for reproduction in daily press and regular printed publications on sale to the public
within 60 days of the event related to those data/results and always provided that copyright symbol appears together as follows below.
© DORNA, 2004
Official information of MotoGP
www.motogp.com
