bwin.com GRANDE PREMIO DE PORTUGAL
Computerised results and timing service provided by
4182 m.
Estoril
125cc
Race
Lap Chart 22
TISSOT
Pos
Grid 75
1
52
2
24
3
14
4
11
5
33
6
44
7
55
8
17
9
6
10
71
11
34
12
18
13
63
14
38
15
29
16
12
17
35
18
60
19
7
20
22
21
8
22
27
23
77
24
20
25
37
26
95
27
15
28
99
29
13
30
30
31
51
32
53
33
62
34
86
35
61
36
1 75 24 55 6 44 52 33 14 71 34 35 11 60 18 17 12 29 77 63 8 27 15 7 99 38 51 95 30 20 53 13 62 22
2 75 55 24 6 44 14 52 33 71 35 34 17 11 18 60 12 29 8 63 27 77 7 15 38 30 99 53 51 95 13 20 62 22
3 75 55 24 6 44 14 33 35 71 52 34 17 11 18 12 60 29 8 63 7 27 15 38 30 77 99 53 51 95 13 20 62 22
4 75 55 24 14 44 6 35 33 52 71 34 11 17 18 12 60 8 29 7 63 38 27 15 30 99 53 51 95 13 20 62 22 77
5 75 55 24 14 44 6 35 33 71 34 11 17 52 12 18 60 8 29 7 38 63 27 15 30 99 53 51 13 95 20 62 22
6 75 55 24 14 44 6 35 33 71 11 17 34 12 52 18 60 8 29 38 7 27 63 15 30 99 53 13 51 20 95 62
7 75 55 24 14 44 6 35 33 71 11 17 34 12 52 18 60 29 8 38 27 7 63 15 30 99 53 13 20 51 95 62
8 75 55 24 14 44 6 35 33 71 17 11 34 12 52 60 38 29 8 63 15 27 7 30 99 13 20 53 95 62 51
9 75 55 24 14 6 44 35 33 71 17 11 12 34 52 60 38 8 29 63 7 15 27 30 99 20 53 13 95 62
10 75 55 24 14 6 44 35 33 17 71 52 12 34 38 29 8 63 7 27 15 30 99 13 95 20 53 62
11 24 55 14 6 44 33 35 17 71 52 34 12 75 38 29 8 7 63 27 15 30 99 13 20 53 95 62
12 24 55 14 6 44 33 35 17 71 52 34 12 75 38 29 8 7 63 27 15 30 99 13 20 53 95 62
13 24 55 14 6 44 17 35 71 52 34 12 75 38 29 8 7 63 27 15 30 99 20 13 53 95 62
14 14 55 24 44 6 17 35 71 52 12 34 75 38 8 29 7 27 63 15 30 99 20 13 53 95 62
15 14 24 44 55 6 17 35 71 52 75 12 34 38 27 29 8 7 63 15 30 99 20 53 13 95 62
16 44 24 55 14 6 17 35 71 52 75 34 12 38 7 27 29 8 63 15 99 53 20 13 95 62
17 44 24 14 6 55 17 35 71 52 75 34 12 38 7 29 27 63 8 15 99 20 53 13 95 62
18 44 24 14 6 55 17 35 71 52 75 12 34 38 27 7 29 8 63 15 99 53 20 95 62 13
19 44 14 24 55 6 17 35 71 52 75 34 12 38 27 7 8 29 63 15 99 53 20 95 62
20 44 14 55 24 6 17 35 71 52 75 12 34 38 7 8 27 63 29 15 99 53 20 95 62
21 55 44 14 24 6 17 35 71 52 75 12 34 38 63 8 27 29 7 15 99 53 95 20 62
22 55 14 44 24 6 71 35 17 52 75 12 34 38 8 63 29 27 7 15 99 53 20 95 62
23 55 14 44 24 6 17 71 75 35 34 12 38 52 7 27 63 8 29 15 99 53 20 95 62
L
a
p
s
Lapped riderWinner
Estoril, Sunday, September 16, 2007
These data/results cannot be reproduced, stored and/or transmitted in whole or in part by any manner of electronic, mechanical, photocopying, recording, broadcasting or otherwise now
known or herein after developed without the previous express consent by the copyright owner, except for reproduction in daily press and regular printed publications on sale to the public
within 60 days of the event related to those data/results and always provided that copyright symbol appears together as follows below.
© DORNA, 2007
Official MotoGP Timing by
www.motogp.com
TISSOT
