Commercialbank GRAND PRIX OF QATAR
Computerised results and timing service provided by TISSOT
5380 m.
Losail Circuit
125cc
Race
Lap Chart 22
Pos
Grid 14
1
55
2
75
3
52
4
35
5
33
6
71
7
12
8
38
9
24
10
22
11
44
12
60
13
29
14
7
15
27
16
34
17
63
18
18
19
6
20
11
21
15
22
53
23
95
24
37
25
99
26
77
27
8
28
51
29
20
30
56
31
1 55 33 75 14 35 52 71 24 22 27 7 12 44 60 63 29 38 8 34 15 18 6 11 53 37 77 95 99 51 20 56
2 55 33 14 35 52 24 71 75 22 27 7 12 44 63 60 29 8 15 38 34 11 18 6 53 37 77 99 95 51 20 56
3 55 14 35 52 33 71 24 22 7 12 27 44 75 29 63 60 15 38 8 11 6 34 18 53 37 77 99 51 20 56 95
4 55 14 35 52 24 71 22 12 7 33 27 44 29 63 60 75 15 38 8 11 18 6 34 53 37 77 99 51 20 56
5 55 14 52 35 71 24 12 22 7 27 44 33 29 63 60 38 8 11 18 75 6 34 53 37 77 99 51 20 56
6 55 14 52 35 24 71 12 27 7 22 44 33 60 63 29 38 8 11 18 6 34 37 77 99 51 20 56 53 75
7 55 14 52 35 24 71 12 27 7 22 44 33 60 29 63 38 11 8 18 6 34 37 77 99 51 20 56 53 75
8 55 14 52 35 24 12 27 71 7 22 44 33 29 60 38 63 11 8 18 6 34 37 77 99 51 56 20 75
9 55 14 52 35 24 71 12 27 44 7 22 33 29 60 63 38 11 8 18 6 34 77 37 51 99 56 20 75
10 55 14 52 35 24 71 12 27 7 44 22 60 29 38 33 63 8 11 6 18 34 77 37 51 99 75 56 20
11 55 14 52 35 24 71 7 12 27 44 22 60 38 29 33 63 8 6 11 18 34 77 37 51 99 75 56 20
12 55 14 52 35 24 71 7 12 44 27 22 38 29 60 6 63 8 33 11 18 34 37 77 51 99 75 56 20
13 14 55 52 35 24 71 7 12 44 22 60 38 29 63 6 8 11 18 27 34 37 77 75 99 51 56 20
14 14 55 52 35 24 71 12 44 7 22 60 38 29 6 63 11 18 8 34 27 37 77 75 51 99 20 56
15 14 55 52 35 24 71 44 12 22 7 38 29 60 6 63 11 8 18 34 75 37 77 51 99 20 56
16 55 14 52 35 24 71 44 12 22 7 38 6 60 63 29 11 8 18 34 77 37 51 99 20 56
17 55 14 52 35 24 71 44 12 22 7 6 38 60 63 29 11 8 18 34 37 77 51 20 56
18 55 14 52 35 24 71 44 12 22 7 6 38 60 63 29 18 11 8 34 77 37 51 20 56
L
a
p
s
Lapped riderWinner
Doha, Saturday, March 10, 2007
These data/results cannot be reproduced, stored and/or transmitted in whole or in part by any manner of electronic, mechanical, photocopying, recording, broadcasting or otherwise now known or
herein after developed without the previous express consent by the copyright owner, except for reproduction in daily press and regular printed publications on sale to the public within 60 days of the event
related to those data/results and always provided that copyright symbol appears together as follows below.
© DORNA, 2007
Official MotoGP Timing by TISSOT
www.motogp.com
