bwin GRANDE PREMIO DE PORTUGAL
Computerised results and timing service provided by
4182 m.
Estoril
Moto2
Race
Lap Chart 19
TISSOT
Pos
Grid 2
1
60
2
24
3
54
4
35
5
15
6
68
7
77
8
72
9
65
10
25
11
12
12
39
13
4
14
53
15
31
16
71
17
3
18
80
19
8
20
9
21
17
22
55
23
45
24
56
25
16
26
7
27
10
28
44
29
70
30
14
31
19
32
40
33
29
34
61
35
88
36
95
37
6
38
63
39
1 2 68 54 77 24 53 72 25 35 60 65 15 31 39 17 4 16 12 8 80 45 71 3 7 55 9 29 10 56 40 95 61 19 14 44 70 88
2 68 2 54 53 77 24 25 72 65 60 39 31 35 17 15 4 16 80 8 12 45 3 55 7 71 9 29 10 40 19 95 44 61 14 70 88 56
3 54 68 2 77 25 53 24 72 65 31 39 35 15 60 17 8 80 55 4 16 3 45 12 7 9 29 71 40 10 19 44 95 70 14 61 88 56
4 54 68 2 77 24 65 25 53 72 31 39 35 15 60 17 8 80 55 16 3 45 4 12 9 29 7 71 40 10 44 19 70 95 14 61 88 56
5 54 68 2 77 65 25 39 24 31 53 35 15 60 17 80 55 8 29 3 9 45 16 12 4 71 7 40 44 19 10 70 14 61 95 88 72 56
6 54 2 77 25 65 31 24 35 39 53 15 60 17 55 80 8 29 3 9 16 45 12 4 71 7 68 40 44 10 19 70 14 61 95 88 72
7 54 2 77 25 65 31 24 35 39 15 53 60 17 55 80 8 29 9 3 45 16 12 71 7 4 68 40 44 10 19 70 14 61 95 88 72
8 54 2 77 25 65 31 24 35 15 39 60 53 17 55 80 29 8 9 45 3 16 12 71 7 4 68 40 44 10 19 70 14 61 95 72 88
9 54 2 77 25 65 31 35 15 24 39 60 53 17 55 29 80 8 9 45 3 12 16 71 7 68 4 40 44 10 19 70 61 14 95 72 88
10 54 2 65 77 25 31 35 15 24 39 60 17 29 53 55 80 8 9 45 3 12 16 71 68 7 4 40 44 10 19 70 61 14 95 72 88
11 54 65 2 25 77 31 35 15 24 39 60 29 17 55 80 8 53 9 45 3 12 16 71 68 7 4 40 44 19 10 70 61 14 95 72 88
12 54 65 25 2 31 77 35 15 24 60 39 29 17 55 8 80 45 9 53 3 12 16 71 68 7 4 40 44 19 10 70 61 14 95 72 88
13 54 65 25 77 35 2 15 24 60 39 29 17 8 55 80 45 3 12 16 71 31 68 7 4 40 44 19 10 53 70 14 61 72 95 9 88
14 54 65 25 77 35 2 15 24 60 29 39 8 17 80 55 45 3 12 16 71 31 68 4 7 40 44 19 10 70 61 14 72 95 88
15 54 65 25 77 35 2 15 24 29 60 39 8 17 80 55 45 3 12 16 71 31 68 7 4 40 44 19 10 70 61 72 95 88
16 54 65 25 77 35 2 15 29 60 39 8 17 80 55 45 12 3 16 71 68 31 4 7 40 44 10 19 61 70 72 24 88 95
17 54 65 25 77 35 29 2 15 60 8 17 80 55 39 45 12 16 3 68 31 71 4 7 40 44 10 19 61 70 72 88 95 24
18 54 65 25 29 77 35 2 15 60 8 17 80 55 45 39 12 16 3 68 71 31 4 7 40 44 19 10 61 70 72 88 95
19 65 25 54 29 77 35 2 15 8 60 17 80 55 45 39 12 16 3 68 71 31 4 7 40 44 19 10 61 70 72 88 95
20 65 25 77 2 54 35 15 8 17 80 60 55 45 39 12 16 3 68 71 31 29 4 40 44 19 10 61 70 72 88 95
21 65 25 77 35 2 15 54 8 45 80 55 17 60 39 12 16 3 68 31 71 29 4 40 44 19 10 61 70 72 88 95
22 25 65 77 2 35 15 54 8 45 80 55 17 60 39 12 16 3 68 31 71 29 4 40 44 19 10 61 70 72 88 95
23 65 25 77 2 54 15 35 45 8 80 55 17 60 39 16 3 12 31 68 71 29 4 40 19 10 61 70 72 88 95
24 25 65 77 54 15 2 45 35 8 17 55 60 80 39 16 3 12 31 68 71 29 40 19 10 61 70 72 88 95
25 65 25 15 54 77 8 35 45 2 17 55 60 80 39 16 3 12 31 68 71 29 40 19 10 61 72 70 88 95
26 65 25 15 45 54 35 8 2 77 17 55 60 80 3 39 12 16 68 71 31 29 40 19 10 61
L
a
p
s
Lapped riderWinner
Estoril, Sunday, October 31, 2010
These data/results cannot be reproduced, stored and/or transmitted in whole or in part by any manner of electronic, mechanical, photocopying, recording, broadcasting or otherwise now
known or herein after developed without the previous express consent by the copyright owner, except for reproduction in daily press and regular printed publications on sale to the public
within 60 days of the event related to those data/results and always provided that copyright symbol appears together as follows below.
© DORNA, 2010
Official MotoGP Timing by
www.motogp.com
TISSOT
