MARLBORO GRAND PRIX OF QATAR
Computerised results and timing service
5380 m.
Losail Circuit
125cc
Race
Lap Chart 22
Pos
Grid 36
1
14
2
75
3
60
4
32
5
54
6
58
7
47
8
12
9
63
10
55
11
19
12
6
13
35
14
7
15
71
16
41
17
33
18
22
19
29
20
11
21
8
22
52
23
51
24
42
25
43
26
25
27
46
28
28
29
15
30
10
31
44
32
48
33
9
34
45
35
31
36
1 36 14 63 60 54 32 75 12 47 58 55 35 52 71 33 29 7 42 51 25 11 15 41 46 43 6 10 44 48 28 9 45 8 19 22 31
2 36 14 75 54 60 63 58 32 12 55 52 47 35 33 71 29 7 42 25 11 41 51 15 46 6 43 10 8 28 9 19 44 45 22 31
3 36 14 75 54 60 63 58 32 12 55 52 35 29 47 71 33 42 25 51 6 11 41 15 46 10 8 43 28 19 45 9 44 22 7
4 36 14 75 60 54 58 32 12 63 55 35 47 71 33 29 6 42 51 25 41 11 15 46 10 8 28 19 45 9 44 22 7
5 36 14 58 75 54 12 60 63 55 32 33 35 71 29 47 6 11 41 42 25 51 15 46 8 10 28 19 45 7 9 44 22
6 36 14 58 54 75 12 63 60 55 32 71 33 47 35 29 6 11 41 25 51 42 15 46 8 10 28 19 7 9 44 22 45
7 36 14 58 54 63 75 12 60 55 32 35 71 33 29 6 47 11 41 25 51 42 15 46 8 10 28 19 7 44 45 9
8 36 14 58 63 54 60 12 75 55 32 33 35 6 47 71 29 11 25 41 42 51 15 8 46 10 28 19 7 45 44 9
9 36 14 58 54 75 63 60 12 32 55 33 6 35 71 29 47 25 11 41 51 42 15 8 46 10 28 19 7 45 44 9
10 36 14 58 75 54 12 60 32 63 55 33 6 35 71 29 47 25 51 11 41 42 15 8 46 10 19 28 7 45 44 9
11 36 14 58 75 12 60 54 55 63 32 6 35 33 71 29 47 51 41 11 42 25 15 8 46 19 7 10 28 45 44 9
12 36 14 58 55 12 63 54 60 75 32 6 35 33 71 29 47 51 11 41 42 25 8 15 19 46 10 7 28 44 45 9
13 36 14 58 12 63 55 75 54 60 32 6 33 35 71 47 51 29 11 41 25 8 42 15 19 7 46 10 28 44 9 45
14 36 14 58 75 12 63 55 54 60 32 6 35 33 71 51 29 11 41 8 25 42 15 7 19 10 46 28 9 44 45
15 36 14 58 63 12 75 55 54 60 32 6 33 35 71 51 29 41 11 8 25 42 19 7 15 28 46 10 9 44 45
16 36 14 58 63 12 55 54 60 75 32 6 33 35 71 51 11 41 29 8 25 42 19 7 28 46 10 44 9 45
17 36 14 58 63 12 55 54 60 75 32 6 33 35 71 51 8 11 41 29 42 25 7 19 28 46 10 9 44 45
18 14 36 58 63 55 12 54 60 75 32 6 33 35 71 51 8 11 41 29 7 25 19 42 46 28 10 9 44 45
L
a
p
s
Lapped riderWinner
Doha, Saturday, October 01, 2005
These data/results cannot be reproduced, stored and/or transmitted in whole or in part by any manner of electronic, mechanical, photocopying, recording, broadcasting or otherwise now known or
herein after developed without the previous express consent by the copyright owner, except for reproduction in daily press and regular printed publications on sale to the public within 60 days of the event
related to those data/results and always provided that copyright symbol appears together as follows below.
© DORNA, 2005
Official information of MotoGP
www.motogp.com
