Lap Chart
GAULOISES GP CESKE REPUBLIKY
Computerised results and timing service
5403m
Automotodrom Brno
125cc
22
Race
Pos
Grid 15
1
17
2
4
3
3
4
7
5
22
6
12
7
79
8
80
9
34
10
27
11
6
12
23
13
48
14
41
15
42
16
32
17
36
18
24
19
8
20
39
21
33
22
63
23
58
24
31
25
88
26
10
27
26
28
11
29
25
30
19
31
50
32
55
33
56
34
92
35
78
36
57
37
1 17 3 12 79 34 80 15 7 4 22 36 42 23 6 48 58 8 10 24 33 41 32 26 11 31 25 19 88 63 55 50 56 92 78 57
2 3 17 12 15 34 7 4 36 80 22 79 42 23 6 48 58 8 41 24 10 33 32 26 19 88 31 11 63 25 55 50 92 56 78 57
3 3 17 12 15 7 34 4 22 36 80 79 23 6 42 41 48 58 8 10 32 24 26 33 19 88 31 63 25 55 50 92 56 11 78 57
4 3 17 12 15 7 4 34 80 22 36 79 23 6 42 41 48 58 10 8 24 32 26 33 19 63 88 25 31 50 55 92 56 78 11 57
5 17 12 15 3 7 4 34 22 80 36 23 6 79 41 42 10 58 48 8 24 32 19 26 33 63 88 25 31 50 55 92 56 78 57 11
6 12 17 15 3 4 7 34 22 80 36 23 6 41 79 42 10 48 58 8 24 32 19 33 26 63 88 25 31 50 55 56 92 78 57 11
7 15 17 12 4 7 3 34 22 80 36 23 41 6 42 79 58 10 24 48 32 8 19 33 63 26 88 25 31 50 55 56 92 78 57 11
8 15 17 4 7 3 12 22 34 80 36 23 41 6 42 79 58 24 10 48 32 8 19 63 33 88 26 25 31 55 50 56 92 57 11
9 4 17 3 7 12 22 34 80 36 41 23 6 15 42 79 58 48 10 8 32 19 63 88 33 26 25 31 50 55 56 92 57 11
10 3 7 12 22 34 80 36 23 15 41 6 42 79 58 48 10 32 8 19 63 88 33 26 31 25 50 55 92 56 57 11
11 3 22 7 12 34 80 36 15 23 6 41 42 79 58 32 48 8 10 19 63 88 33 26 31 25 50 55 56 92 57
12 3 7 34 80 36 15 23 6 41 42 79 48 58 8 10 32 19 63 33 26 88 25 31 50 55 56 92 57
13 3 7 34 80 36 15 23 6 41 42 79 58 48 8 10 19 32 63 33 26 88 25 31 50 55 56 92 57
14 3 7 34 80 36 15 23 6 41 42 79 48 58 8 10 19 32 63 33 26 88 25 31 50 55 92 56 57
15 3 7 34 80 36 15 23 6 41 42 79 58 8 48 10 19 32 63 33 26 88 31 25 50 55 56 92 57
16 3 7 34 80 36 15 23 6 41 42 79 58 48 8 10 63 32 19 26 33 88 31 25 55 56 92 50 57
17 3 7 80 34 36 15 23 6 41 42 79 58 48 8 19 32 10 63 26 33 88 25 31 55 56 92 57
18 3 7 15 36 80 34 23 6 41 42 79 19 58 48 8 63 10 32 26 33 88 25 31 55 92 56 57
19 3 7 15 36 80 34 6 23 41 42 79 48 8 58 63 19 10 32 88 33 26 31 25 55 56
L
a
p
s
Lapped riderWinner
Brno, Sunday, August 17, 2003
These data/results cannot be reproduced, stored and/or transmitted in whole or in part by any manner of electronic, mechanical, photocopying, recording, broadcasting or otherwise now known or
herein after developed without the previous express consent by the copyright owner, except for reproduction in daily press and regular printed publications on sale to the public within 60 days of the event
related to those data/results and always provided that copyright symbol appears together as follows below.
© DORNA, 2003
Official information of MotoGP
www.motograndprix.com
