Lap Chart
RIZLA DUTCH TT
Computerised results and timing service
6049m
Assen
250cc
22
Pos
Grid 6
1
13
2
56
3
19
4
4
5
74
6
26
7
77
8
21
9
16
10
11
11
9
12
18
13
8
14
37
15
23
16
30
17
24
18
41
19
15
20
42
21
14
22
44
23
25
24
33
25
10
26
31
27
22
28
61
29
62
30
64
31
63
32
1 56 19 4 14 74 77 8 9 25 44 10 22 26 31 15 21 41 6 62 23 24 30 63 64 33 37 13 61 11 16 42 18
2 56 19 4 14 77 74 8 9 25 44 22 10 41 15 31 23 62 26 63 33 64 42 21 24 6 37 30 61 11 13 16
3 14 19 4 56 77 8 9 74 25 44 22 10 41 15 31 23 42 33 63 62 64 26 24 21 37 6 30 11 13 16
4 14 4 19 56 77 8 9 74 44 25 22 41 15 10 31 23 42 33 63 64 62 26 24 21 11 6 37 30 16 13
5 14 4 19 56 77 8 9 74 44 25 41 22 15 31 23 42 33 10 63 64 62 26 24 21 11 6 30 16 37 13
6 14 4 19 56 77 8 9 74 44 25 41 22 15 31 23 42 33 10 64 63 62 26 24 21 6 16 11 37 13
7 14 4 19 56 77 8 9 74 44 25 41 22 31 23 33 42 10 64 63 62 26 24 21 6 16 11 37 13
8 14 4 19 56 77 8 9 74 44 25 41 22 31 23 33 42 10 64 63 62 26 24 21 16 6 11 37 13
9 14 4 19 56 8 77 9 74 44 25 41 22 31 23 33 42 10 64 63 62 26 24 21 16 11 6 37 13
10 14 4 19 56 8 77 9 74 44 25 41 22 31 23 42 33 10 63 64 62 24 26 21 16 11 37 6 13
11 14 4 19 56 8 77 9 74 44 41 25 22 23 31 42 33 10 63 62 26 24 21 16 11 64 37 6 13
12 4 14 19 56 8 77 9 74 44 41 25 22 23 31 42 33 10 63 62 26 24 21 16 37 11 64 6 13
13 4 14 19 56 8 77 9 74 44 41 25 22 23 31 42 33 10 63 26 24 21 16 37 11 6 64 13
14 4 19 14 56 8 77 9 74 44 41 25 22 23 31 33 42 10 63 26 24 21 16 37 11 6 64
15 4 19 14 56 8 77 9 74 44 41 25 23 22 31 33 42 10 63 26 24 21 16 37 11 6 64
16 4 19 14 56 8 77 9 74 44 25 23 22 31 33 42 10 63 26 24 21 16 37 11 6 64
17 4 19 56 14 8 77 9 74 44 25 23 22 31 33 42 10 63 26 24 21 16 37 11
18 4 19 56 14 8 77 9 74 44 25 23 22 31 33 42 10
L
a
p
s
Lapped riderWinner
Assen, Saturday, June 24, 2000
MotoGP MotoGP MotoGP MotoGP MotoGP MotoGP MotoGP MotoGP MotoGP MotoGP MotoGP MotoGP MotoGP MotoGP MotoGP MotoGP MotoGP MotoGP MotoGP MotoGP MotoGP MotoGP MotoGP MotoGP MotoGP MotoGP MotoGP MotoGP MotoGP MotoGP MotoGP MotoGP MotoGP MotoGP MotoGP MotoGP MotoGP MotoGP MotoGP Moto
Official information of MotoGP
