Lap Chart
RIZLA DUTCH TT
Computerised results and timing service
6049m
Assen
125cc
22
Pos
Grid 41
1
5
2
1
3
16
4
39
5
17
6
12
7
4
8
26
9
15
10
21
11
11
12
22
13
18
14
23
15
29
16
3
17
8
18
35
19
24
20
68
21
53
22
54
23
9
24
69
25
51
26
70
27
34
28
65
29
10
30
1 41 16 54 1 12 17 5 26 15 4 9 3 8 23 21 29 11 18 24 35 69 34 51 39 70 22 53 65 68
2 41 54 16 1 12 17 4 9 5 15 8 26 3 21 23 29 11 35 24 18 70 69 34 51 22 39 53 68 65
3 41 54 16 1 12 17 4 9 5 15 26 3 23 21 29 11 8 35 24 70 34 18 69 51 22 39 53 68 65
4 41 54 16 1 12 4 17 9 5 3 26 15 23 29 21 11 35 24 70 8 34 51 69 18 22 53 39 68 65
5 41 54 16 12 1 4 9 17 5 26 3 23 29 15 11 21 35 24 34 70 51 69 18 22 53 39 68 65
6 41 54 16 1 4 9 5 17 26 3 23 29 15 11 35 21 24 34 70 51 18 69 53 22 68 39 65
7 41 54 4 16 1 9 5 17 26 3 23 29 15 21 35 11 24 34 51 70 53 18 22 69 68 39 65
8 41 54 4 16 9 5 1 17 26 3 29 23 21 35 15 11 24 51 34 70 53 22 69 18 68 39 65
9 41 54 4 16 9 5 17 26 3 29 23 21 35 15 11 1 51 34 24 70 53 22 69 18 68 39 65
10 41 54 4 9 5 16 17 26 29 3 23 21 35 15 11 34 51 1 24 53 70 22 69 68 18 39 65
11 41 54 5 9 4 16 17 26 29 3 23 21 35 15 11 34 1 51 53 70 24 22 68 18 69 65
12 41 54 5 9 4 16 17 26 29 3 23 21 35 15 11 34 1 51 53 70 24 22 68 18 69 65
13 41 54 5 9 4 16 17 26 29 3 23 21 35 15 11 1 34 70 51 53 24 22 68 18 69 65
14 41 54 5 9 4 16 17 26 29 3 23 35 21 15 11 1 51 70 24 22 68 18 69 65
15 41 54 5 9 4 16 17 26 29 3 23 35 21 15 11 1 51 70 24 22 68 18 69 65
16 41 54 5 9 16 4 17 26 3 29 23 35 21 15 11 51 70 24 22 1 68 69 65
17 41 5 54 9 16 4 17 26 3 29 23 35 21 15 11 51 70 24 22 68 65 69
L
a
p
s
Lapped riderWinner
Assen, Saturday, June 24, 2000
MotoGP MotoGP MotoGP MotoGP MotoGP MotoGP MotoGP MotoGP MotoGP MotoGP MotoGP MotoGP MotoGP MotoGP MotoGP MotoGP MotoGP MotoGP MotoGP MotoGP MotoGP MotoGP MotoGP MotoGP MotoGP MotoGP MotoGP MotoGP MotoGP MotoGP MotoGP MotoGP MotoGP MotoGP MotoGP MotoGP MotoGP MotoGP MotoGP Moto
Official information of MotoGP
