GRAN PREMI GAULOISES DE CATALUNYA
Computerised results and timing service
4727 m.
Circuit de Catalunya
125cc
Race
Lap Chart 22
Pos
Grid 36
1
75
2
58
3
8
4
9
5
14
6
55
7
32
8
54
9
12
10
22
11
71
12
60
13
52
14
33
15
19
16
29
17
63
18
43
19
7
20
76
21
25
22
86
23
41
24
35
25
16
26
6
27
18
28
28
29
42
30
11
31
47
32
77
33
10
34
26
35
15
36
51
37
49
38
78
39
45
40
1 12 75 36 14 32 60 55 29 71 63 19 8 33 9 54 58 76 41 47 7 43 25 42 35 22 10 52 28 11 44 86 49 45 16 78 26 51 77
2 75 12 36 60 14 32 55 71 29 19 63 58 54 8 33 41 76 7 9 47 35 42 10 25 43 28 52 86 11 44 49 45 16 78 26 77
3 75 12 36 60 14 55 32 29 19 71 63 58 33 54 8 41 76 7 9 47 10 35 42 43 25 28 11 52 86 49 44 45 16 78
4 75 12 36 60 55 14 32 29 19 71 58 63 54 33 8 41 76 7 47 9 35 10 43 25 42 28 86 44 11 49 16 45 52 78
5 75 12 36 60 55 14 58 32 19 29 71 63 54 33 8 7 41 76 9 47 10 25 35 43 42 28 86 44 11 49 16 45 78
6 75 36 12 55 60 14 58 71 32 19 63 29 54 8 7 76 41 47 9 25 35 10 43 42 86 28 33 44 11 49 16 45 78
7 75 36 12 55 60 14 58 71 19 32 54 29 63 76 8 7 41 47 25 43 9 10 35 42 86 33 11 49 28 44 16 78 45
8 75 36 12 55 14 60 58 71 19 32 54 29 63 8 76 7 41 25 43 47 35 10 9 42 33 86 11 49 44 28 16 78 45
9 75 36 12 55 14 60 58 71 19 32 54 29 63 76 41 8 7 25 43 35 10 47 33 86 9 42 11 49 28 44 16 78 45
10 75 36 55 58 12 14 60 71 54 32 19 29 8 76 41 63 7 10 35 25 43 47 33 9 86 42 11 49 28 44 16 78 45
11 75 36 58 14 12 60 71 54 32 19 29 8 76 63 7 41 10 47 25 35 33 43 86 9 42 11 49 28 44 16 78 45
12 75 36 58 14 12 60 71 54 32 19 8 29 76 63 41 10 47 33 25 43 35 86 9 11 42 49 28 44 16 78 45
13 75 36 58 14 12 60 71 54 32 8 19 76 29 63 41 33 10 25 47 43 35 86 9 11 42 49 28 44 16 78 45
14 75 36 58 14 71 60 12 54 32 8 29 76 19 63 41 33 10 25 86 47 35 43 9 11 42 49 28 44 16 78 45
15 75 36 58 14 71 60 12 54 8 32 76 29 19 63 41 33 25 10 86 35 47 43 9 11 42 49 28 44 16 78 45
16 75 58 36 14 71 60 12 54 8 32 29 76 19 63 41 33 10 25 86 47 35 43 9 11 49 42 44 28 16 78
17 75 58 36 14 71 60 12 54 8 32 29 76 19 63 41 33 25 10 86 43 47 35 9 11 49 44 42 28 16 78
18 75 58 36 14 71 60 54 12 8 32 29 76 19 41 63 33 25 10 86 47 9 35 11 43 49 44 16 42 28 78
19 75 58 36 14 54 71 60 12 8 32 29 76 19 41 63 33 25 10 86 9 47 35 11 43 49 16 44 28 42 78
20 75 58 36 14 54 71 60 12 8 32 29 76 19 33 41 63 25 10 86 47 35 9 11 43 49 16 44 28 42 78
21 75 58 36 14 54 71 60 12 32 29 8 76 19 33 63 41 25 10 86 35 47 9 11 43 16 49 28 42 44 78
22 75 58 36 14 71 54 12 60 8 32 29 76 33 19 41 63 25 10 86 47 9 35 11 49 16 43 28 42 78
L
a
p
s
Lapped riderWinner
Barcelona, Sunday, June 12, 2005
These data/results cannot be reproduced, stored and/or transmitted in whole or in part by any manner of electronic, mechanical, photocopying, recording, broadcasting or otherwise now known or
herein after developed without the previous express consent by the copyright owner, except for reproduction in daily press and regular printed publications on sale to the public within 60 days of the event
related to those data/results and always provided that copyright symbol appears together as follows below.
© DORNA, 2005
Official information of MotoGP
www.motogp.com
