GRAND PRIX ALICE DE FRANCE
Computerised results and timing service
4180 m.
Le Mans
125cc
Race
Lap Chart 22
Pos
Grid 12
1
36
2
55
3
14
4
58
5
52
6
32
7
60
8
63
9
33
10
7
11
22
12
6
13
71
14
54
15
75
16
43
17
19
18
45
19
11
20
9
21
47
22
8
23
84
24
41
25
89
26
25
27
26
28
28
29
10
30
35
31
74
32
88
33
18
34
29
35
15
36
16
37
44
38
73
39
42
40
1 12 14 32 63 36 55 7 22 33 71 60 58 52 41 6 45 11 19 54 8 25 10 89 43 42 35 47 29 18 88 26 15 16 74 28 84 44 90
2 32 12 14 63 55 36 7 22 33 58 60 52 71 41 6 19 45 8 54 11 25 10 43 42 89 47 35 29 88 18 26 15 74 16 28 84 44 90
3 12 63 32 14 55 36 22 58 33 60 7 52 71 41 6 19 45 54 8 11 25 10 42 43 89 47 35 88 29 18 15 26 74 16 28 84 44 90
4 12 63 32 14 36 55 58 22 33 60 7 52 71 41 6 19 45 54 8 11 25 43 10 42 89 35 88 29 47 18 15 26 74 28 84 16 44 90
5 12 63 32 36 14 55 58 22 60 7 33 52 71 19 6 41 45 54 8 11 25 43 42 10 89 88 35 29 18 26 15 28 74 84 16 44 90
6 12 36 63 14 32 55 58 60 7 22 33 52 71 19 6 41 45 54 8 11 43 25 42 10 89 88 35 29 15 28 26 74 18 84 16 44 90
7 12 36 63 14 55 32 58 33 7 22 60 19 71 41 45 54 8 11 25 43 42 10 89 88 35 15 29 28 26 74 84 18 16 44 90
8 12 36 63 14 32 58 33 7 22 60 19 71 45 41 8 54 25 11 43 42 10 89 15 35 28 26 74 88 84 29 18 16 44 90
9 12 36 63 14 32 58 33 7 22 60 19 71 45 41 8 54 25 11 43 42 10 15 89 28 26 74 35 84 29 88 18 16 44 90
10 12 36 63 14 58 32 33 7 22 60 71 45 41 8 54 25 11 43 42 10 15 28 26 89 74 35 84 88 18 16 29 44 90
11 12 36 63 14 58 32 33 7 60 22 71 45 41 8 54 25 43 11 42 10 28 15 26 74 89 84 35 88 18 16 29 44
12 12 36 63 14 58 32 33 7 60 71 22 45 41 8 54 25 43 11 42 10 84 89 74 35 88 18 29 16 44
13 12 36 63 58 14 33 32 7 71 60 22 45 41 8 54 25 11 43 42 10 84 35 89 74 88 18 29 16 44
14 12 63 36 58 14 33 32 7 71 60 22 45 8 41 54 25 11 43 42 10 84 74 35 89 88 18 44 29 16
15 12 36 63 58 14 33 32 7 71 60 22 45 8 41 54 25 11 43 42 84 10 35 74 88 89 18 44 16 29
16 12 36 58 63 14 33 32 7 60 22 45 8 41 54 25 11 43 42 84 10 35 88 18 44 16 29 74
17 12 58 36 63 33 14 32 60 22 45 8 41 54 25 11 43 42 84 10 88 35 18 44 16 29
18 12 36 33 63 58 14 60 22 45 8 41 54 25 43 11 84 42 10 88 35 18 44 32 16 29
19 12 33 36 63 58 14 60 22 45 8 54 41 43 25 11 84 42 10 88 35 18 44 29 16
20 12 33 36 58 63 14 60 22 45 54 8 41 43 25 11 84 42 10 88 35 18 44 29 16
21 12 33 36 58 63 14 60 22 45 54 8 41 43 25 11 84 42 10 88 35 18 44 29 16
22 12 33 36 58 63 14 60 22 45 54 8 41 25 43 11 84 42 10 88 35 18 44 29 16
23 12 33 36 58 63 14 60 22 45 54 8 41 25 43 11 84 42 88 10 35 44 18 29 16
24 12 33 36 63 58 14 22 60 45 54 8 41 25 43 11 84 42 88 10 35 44 18 29 16
L
a
p
s
Lapped riderWinner
Le Mans, Sunday, May 15, 2005
These data/results cannot be reproduced, stored and/or transmitted in whole or in part by any manner of electronic, mechanical, photocopying, recording, broadcasting or otherwise now known or
herein after developed without the previous express consent by the copyright owner, except for reproduction in daily press and regular printed publications on sale to the public within 60 days of the event
related to those data/results and always provided that copyright symbol appears together as follows below.
© DORNA, 2005
Official information of MotoGP
www.motogp.com
