G.P. RED BULL DE LA REPÚBLICA ARGENTINA
Results and timing service provided by
4806 m.
dromo Termas de Río H
Moto3
Race
Lap Chart 31
Pos
Grid 8
1
7
2
52
3
84
4
5
5
21
6
31
7
42
8
11
9
19
10
12
11
58
12
17
13
44
14
23
15
98
16
33
17
32
18
41
19
10
20
9
21
55
22
3
23
51
24
63
25
43
26
57
27
22
28
61
29
38
30
65
31
95
32
4
33
1 5 8 7 52 21 17 11 42 31 23 32 58 19 12 10 41 3 33 9 38 95 57 22 51 63 65 61 4 43 98 84
2 8 5 7 52 21 17 42 23 11 31 32 12 19 58 10 41 33 9 38 3 95 57 51 63 22 61 65 4 43 98 84
3 8 5 7 52 17 21 42 23 11 12 32 31 19 10 41 58 33 38 9 3 57 95 63 51 65 61 22 4 43 98 84
4 5 8 7 52 17 42 21 23 12 32 11 31 19 10 58 41 33 9 38 3 51 63 57 95 65 61 43 22 4 98 84
5 8 5 7 17 32 52 42 23 21 12 11 31 10 58 41 19 33 38 9 3 63 57 51 95 43 65 61 22 4 98 84
6 8 5 7 52 17 42 23 32 12 21 31 11 10 58 41 19 33 38 9 51 63 3 57 95 43 65 61 22 4 98 84
7 8 5 7 42 52 17 23 12 32 11 31 21 58 10 41 19 33 38 63 51 3 9 57 95 43 65 61 22 4 98 84
8 8 5 7 42 12 52 23 32 11 31 21 58 10 41 19 33 63 38 51 9 57 3 95 43 65 61 4 22 98 84
9 5 8 7 12 42 52 32 31 11 58 10 41 19 33 38 51 63 9 95 43 3 57 61 65 22 4 23 84 98
10 5 8 7 12 42 52 32 31 11 58 10 41 19 33 38 63 9 51 95 57 3 65 61 22 4 23 84 98
11 8 5 7 12 42 52 11 32 31 58 41 19 33 10 38 63 9 51 95 57 3 65 61 22 4 84 23 98
12 8 7 5 12 42 52 11 32 31 33 19 58 41 10 63 9 38 51 95 3 57 61 65 22 4 84 98 23
13 5 8 7 12 42 11 52 32 31 33 58 41 19 10 38 51 9 63 95 3 57 61 22 65 4 84 98 23
14 5 8 12 7 42 11 52 31 32 33 58 19 41 10 51 38 63 9 95 3 57 22 61 65 4 84 23 98
15 8 5 12 7 42 11 52 32 31 33 58 10 19 41 38 51 9 63 95 3 57 22 61 65 4 84 23 98
16 8 5 12 7 42 11 52 32 31 33 58 10 19 41 38 51 63 9 95 3 57 22 61 65 84 98 4 23
17 5 12 8 11 7 42 32 52 31 33 58 10 19 41 38 51 63 9 95 3 57 22 65 61 98 84 23 4
18 5 8 12 11 42 7 32 31 52 33 10 58 19 41 38 63 9 51 3 95 57 65 22 61 84 98 23 4
19 8 5 12 11 7 42 32 31 52 33 10 58 19 41 38 63 9 51 3 95 57 22 65 61 84 23 4
20 5 12 8 11 7 42 32 31 52 33 58 10 19 41 9 63 51 38 57 65 22 61 84 95 23 4
21 5 12 8 11 42 7 32 31 52 33 10 58 19 41 63 38 9 51 57 84 65 61 22 95 23 4
L
a
p
s
Lapped riderWinner
Termas de Río Hondo, Sunday, April 27, 2014
These data/results cannot be reproduced, stored and/or transmitted in whole or in part by any manner of electronic, mechanical, photocopying, recording, broadcasting or otherwise now
known or herein after developed without the previous express consent by the copyright owner, except for reproduction in daily press and regular printed publications on sale to the public
within 60 days of the event related to those data/results and always provided that copyright symbol appears together as follows below.
© DORNA, 2014
Official MotoGP Timing by
www.motogp.com
TISSOT
