dromo Termas de Río H Results                     and timing service provided by
                                                                                                                                                                      Moto2
                                  G.P. RED BULL DE LA REPÚBLICA ARGENTINA
                                  Race
          4806 m.                 Lap Chart                                                                                                                                           31
Pos        1 2 3 4 5 6 7 8 9 10 11 12 13 14 15 16 17 18 19 20 21 22 23 24 25 26 27 28 29 30 31 32 33 34
Grid      53 5 19 40 94 39 54 15 3 30 81 23 11 36 21 77 55 88 60 95 7 22 4 96 18 49 12 8 97 45 25 99 10 70


     1    53 19 40 94         3 39 15 77         5 55 95 30 81 11 36 88                4 21 22 23 60 96 18              7 49 70 97 45 99 25              8 10 12
     2    53 19 40        3 39 15 94 77 95            5 55 36 11 4 21 22 81 23 88 30 18 60                         7 49 70 96 97 25 12 99                8 45 10
     3    53 19 39        3 15 40 94 77 95 36              5 11 55 21 22 81 23              4 30 18 60        7 49 70 96 97 12 25 99 45                  8 10
     4    53 19 39        3 15 40 77 94 95 36 11 5 81 21 22 23 30                           4 60 18       7 55 49 96 70 97 12 25 99 45                   8 10
     5    53 19 39 15         3 77 94 36 95 11 81              5 22 23 30 21 18 60              4    7 49 55 96 25 97 70 12 99                 8 10 45 40
     6    53 19 39        3 15 77 94 95 36 11 81 22                 5 23 30 21 18 60            4    7 55 49 96 12 25 97 70 99 10 45                     8
     7    53 19 39        3 77 15 94 36 95 11 81 22 23                   5 30 21 18 60          7    4 55 49 96 97 25 70 12 99 10 45                     8
     8    53 19 39        3 77 15 94 36 95 11 81 22 23 30                    5 18 21 60         7 55      4 96 49 97 25 12 70 99 10 45                   8
     9    53 19      3 39 77 15 94 36 95 11 81 22 23 18                      5 21 30 60         7 55      4 96 49 12 97 25 70 99 10 45                   8
    10    53 19      3 39 77 15 36 94 95 11 22 81 23 18 21                        5 30 60       7 55 96 49         4 12 97 25 70 99 10 45                8

L   11    53 19      3 39 77 15 36 94 95 11 81 22 23 18 21                        5 30 60       7 55 96 49 12           4 97 25 99 70 10 45              8
a   12    53 19      3 39 77 15 36 95 11 94 81 22 23 18 30 21                          5 60     7 55 96 12 49           4 25 97 99 70 10 45              8
p         53 19      3 39 77 15 36 95 11 94 81 22 23 18 30 21                          5 60     7 55 12 96 49           4 25 97 99 70 10 45              8
s
    13
    14    53 19      3 39 77 15 36 11 94 22 81 23 95 18 30 21                          5 60     7 55 12 96 49           4 25 97 99 70 10 45              8
    15    53 19      3 39 77 15 36 11 94 22 81 23 95 18 21 30                          5 60     7 55 12 49         4 25 96 97 99 70 10 45                8
    16    53 19      3 39 77 15 36 11 22 81 94 23 95 18 30 21                          5 60 55 12 49          4 25 96 97 99 70 10              7 45      8
    17    53 19      3 39 77 15 36 11 22 81 94 23 95 18 30 21                          5 60 12 55         4 25 49 96 97 99 10 70               7 45      8
    18    53 19      3 39 77 15 36 22 81 11 94 23 95 18 30 21                          5 60 12 55         4 49 25 96 97 99 10 70               7    8 45
    19    53 19      3 39 77 15 36 22 81 11 94 23 95 18 30 21 60                            5 12 55       4 49 25 96 97 99 10 70               7    8 45
    20    53 19      3 39 77 15 36 22 11 81 23 94 95 18 30 21 60                            5 12 55 25 49 97 96 99 10                 4 70     7    8 45
    21    53 19 39        3 77 15 36 22 11 81 23 94 95 18 30 21 60                          5 12 55 25 97 49 96 99 10                 4 70     7    8 45
    22    53 19 39        3 77 15 36 22 11 81 23 95 94 18 30 21 60                          5 12 55 25 97 99 96 49 10                 4 70     7    8 45
    23    53 19 39 77         3 15 36 22 11 81 23 95 21 18 30 94 60                         5 12 55 25 97 99 10 96 49                 4    7 70     8 45




          Winner                   Lapped rider
These data/results cannot be reproduced, stored and/or transmitted in whole or in part by any manner of electronic, mechanical, photocopying, recording, broadcasting or otherwise now
known or herein after developed without the previous express consent by the copyright owner, except for reproduction in daily press and regular printed publications on sale to the public
within 60 days of the event related to those data/results and always provided that copyright symbol appears together as follows below.
© DORNA, 2014

Official MotoGP Timing byTISSOT
www.motogp.com

Termas de Río Hondo, Sunday, April 27, 2014
