BRITISH GRAND PRIX
Computerised results and timing service provided by
4023 m.
Donington Park
250cc
Race
Lap Chart 19
TISSOT
Pos
Grid 40
1
58
2
4
3
6
4
63
5
19
6
75
7
14
8
17
9
52
10
35
11
12
12
15
13
55
14
16
15
25
16
48
17
10
18
7
19
95
20
53
21
11
22
8
23
64
24
77
25
68
26
67
27
54
28
1 4 6 58 40 75 35 17 19 16 55 52 48 12 63 25 14 7 54 15 53 8 64 10 77 95
2 4 6 58 75 19 40 35 17 16 48 52 55 63 12 25 14 7 15 54 53 10 64 8 77 95
3 4 6 75 19 58 35 40 17 16 48 55 63 52 12 25 14 15 7 10 53 54 64 8 77 95
4 4 6 75 19 35 58 40 16 17 63 48 55 52 12 25 14 15 10 7 53 64 54 8 77 95
5 4 75 19 6 35 40 58 16 17 63 48 55 52 12 25 14 15 10 7 53 64 54 8 95 77
6 4 75 19 6 35 40 58 16 17 63 48 55 52 12 25 14 15 10 7 64 53 54 8 77
7 4 19 75 6 35 40 58 16 17 63 55 48 52 12 25 14 15 10 7 64 53 54 8 77
8 4 19 75 6 35 40 58 63 16 55 48 52 17 12 25 15 14 10 7 64 53 54 77 8
9 4 19 6 75 35 40 58 63 16 48 55 52 17 12 15 25 14 10 7 64 53 54 77 8
10 4 19 6 75 35 58 40 63 48 55 16 52 12 15 25 14 17 10 64 7 53 54 77 8
11 4 19 6 75 35 58 40 63 48 55 16 52 12 15 25 14 17 10 64 53 54 77 7 8
12 4 19 6 75 58 40 35 63 48 55 16 52 12 15 25 14 10 64 53 54 77 17 7 8
13 4 19 6 75 58 35 40 63 48 55 16 52 12 15 14 64 53 10 77 17 25 7 8 54
14 4 19 6 75 58 35 40 63 48 55 52 16 12 15 14 64 53 10 77 17 25 7 8 54
15 4 19 6 75 58 35 40 63 55 48 52 16 12 15 14 64 10 17 77 25 53 7 8 54
16 4 19 6 75 58 35 40 63 55 48 52 16 12 15 14 64 17 10 77 25 53 7 8 54
17 4 19 75 6 58 35 63 40 55 48 52 16 12 15 14 64 17 10 77 25 53 7 8 54
18 4 19 75 58 6 63 35 40 55 48 16 12 52 15 14 64 17 10 25 77 53 7 8 54
19 4 19 75 58 6 63 40 35 55 48 12 16 52 15 64 17 10 25 77 53 7 8 54
20 4 19 75 58 6 63 35 40 55 12 16 52 15 48 17 64 10 25 77 53 7 8 54
21 4 19 75 58 6 63 35 40 55 12 16 52 15 48 17 64 10 25 77 53 7 8 54
22 4 19 75 58 6 63 35 40 55 12 16 52 15 48 17 64 25 10 77 53 7 8 54
23 4 19 75 58 6 63 35 40 55 12 16 52 15 48 17 25 10 64 53 77 7 8 54
24 4 19 75 58 6 63 35 40 12 55 16 52 15 48 17 25 10 64 53 77 7 8
25 4 19 75 58 6 63 35 40 12 55 16 52 15 17 48 25 10 64 53 7 77 8
26 4 19 75 58 6 63 35 40 12 55 16 52 15 17 48 25 10 64
27 4 19 75 58 63 6 35 40 12 55 16 52 15
L
a
p
s
Lapped riderWinner
Donington, Sunday, July 26, 2009
These data/results cannot be reproduced, stored and/or transmitted in whole or in part by any manner of electronic, mechanical, photocopying, recording, broadcasting or otherwise now
known or herein after developed without the previous express consent by the copyright owner, except for reproduction in daily press and regular printed publications on sale to the public
within 60 days of the event related to those data/results and always provided that copyright symbol appears together as follows below.
© DORNA, 2009
Official MotoGP Timing by
www.motogp.com
TISSOT
