AIRASIA AUSTRALIAN GRAND PRIX
Computerised results and timing service provided by
4448 m.
Phillip Island
Moto3
Race
Lap Chart 19
TISSOT
Pos
Grid
1
11
2
94
3
7
4
52
5
63
6
44
7
61
8
25
9
39
10
19
11
23
12
96
13
84
14
5
15
31
16
42
17
26
18
32
19
12
20
41
21
80
22
17
23
8
24
89
25
30
26
51
27
29
28
75
29
20
30
9
31
36
1 63 39 94 96 11 44 31 61 25 7 52 23 19 42 26 5 12 32 8 41 84 29 89 17 80 30 9 75 51 20 36
2 63 39 94 96 11 44 61 31 25 7 19 42 52 23 26 5 32 12 41 8 84 29 17 89 80 30 9 75 51 36
3 63 94 96 39 11 44 61 25 31 19 42 7 23 5 26 52 12 32 41 29 84 8 17 89 80 30 9 75 51 36
4 63 94 39 96 11 61 44 25 42 31 19 7 23 5 52 26 41 12 32 29 8 84 17 89 30 80 75 9 51 36
5 63 94 11 39 61 44 31 42 25 19 7 5 52 26 23 32 12 29 84 17 8 89 41 30 80 75 9 51 96 36
6 63 94 11 31 44 42 61 25 19 7 5 52 23 26 32 12 29 84 17 89 8 41 30 80 75 9 51 39 96 36
7 11 44 31 42 63 61 25 7 19 5 52 94 23 26 12 32 84 29 17 89 8 41 30 80 75 9 51 39 96 36
8 11 44 25 42 61 63 7 52 19 5 31 26 32 12 84 29 17 8 89 41 80 30 94 23 9 75 51 39 96 36
9 11 44 25 42 61 7 19 63 5 52 31 32 26 12 84 89 41 17 80 30 94 75 51 9 23 39 8 96 36
10 11 44 25 61 42 19 7 52 5 63 31 26 32 12 84 41 89 17 80 30 94 51 23 75 9 39 8 96 36
11 11 44 42 25 61 7 5 52 63 19 32 26 12 84 41 89 17 94 31 80 30 23 39 75 51 9 8 96 36
12 11 44 25 42 61 5 52 7 19 63 32 26 12 84 41 89 17 94 80 30 39 23 75 51 9 8 96 36
13 11 44 25 42 5 61 52 19 7 63 32 12 26 84 41 89 94 17 80 39 30 23 51 75 9 8 96 36
14 11 44 25 42 61 5 52 7 19 63 32 12 26 41 84 89 94 17 80 39 23 30 51 75 9 8 96 36
15 11 44 61 42 5 7 52 19 63 32 12 26 84 41 89 94 39 17 80 23 30 51 75 8 9 96 36
16 11 44 42 61 5 7 19 52 63 12 32 26 41 84 89 94 39 23 17 80 30 51 75 8 9 96 36
17 11 44 61 42 7 5 52 19 63 32 12 26 41 84 89 94 39 23 80 17 30 51 75 8 96 36
18 44 11 5 61 19 42 52 7 63 32 12 26 84 41 94 89 39 23 80 17 30 51 8 96 75 36
19 44 11 5 42 61 52 7 19 63 32 12 26 84 41 94 89 39 23 80 17 30 51 96 8 75 36
20 11 44 5 42 61 52 7 19 32 12 26 84 41 94 89 39 23 80 17 30 51 96 8 75 36
21 11 44 61 52 5 42 19 7 32 12 26 84 41 94 89 39 23 80 17 30 51 96 8 75 36
22 11 44 61 42 52 5 7 19 32 12 84 26 41 94 89 39 23 80 17 96 51 8 30 75 36
23 11 44 61 42 52 5 19 7 12 32 94 26 84 41 39 89 23 80 17 96 8 51 30 75
L
a
p
s
Lapped riderWinner
Phillip Island, Sunday, October 28, 2012
These data/results cannot be reproduced, stored and/or transmitted in whole or in part by any manner of electronic, mechanical, photocopying, recording, broadcasting or otherwise now
known or herein after developed without the previous express consent by the copyright owner, except for reproduction in daily press and regular printed publications on sale to the public
within 60 days of the event related to those data/results and always provided that copyright symbol appears together as follows below.
© DORNA, 2012
Official MotoGP Timing by
www.motogp.com
TISSOT
