Lap Chart
GP MARLBORO DE PORTUGAL
Computerised results and timing service
4182m
Estoril
125cc
22
Pos
Grid 41
1
1
2
4
3
54
4
15
5
32
6
5
7
21
8
12
9
23
10
3
11
8
12
29
13
16
14
26
15
18
16
9
17
35
18
22
19
17
20
53
21
11
22
39
23
51
24
24
25
34
26
10
27
84
28
86
29
83
30
85
31
1 41 54 21 1 3 16 32 12 5 26 9 39 4 18 23 15 24 22 17 11 35 8 10 29 34 53 51 84
2 41 54 1 21 3 16 32 9 12 4 5 18 15 39 26 23 24 11 22 17 35 8 29 10 34 53 51 84
3 41 54 1 21 3 32 16 4 12 9 5 15 26 18 39 23 24 17 11 22 29 8 35 34 10 51 53 84
4 41 54 1 3 32 21 16 4 9 5 15 12 26 39 23 17 29 11 24 8 22 35 34 10 51 53 18 84
5 41 54 1 32 3 16 4 21 5 15 9 12 26 39 23 17 29 11 8 22 24 35 34 10 51 53 18 84
6 41 54 1 32 3 4 16 5 21 9 15 12 26 39 23 29 17 8 11 22 24 35 10 34 51 53 18 84
7 41 54 1 4 32 3 16 5 21 9 15 12 26 39 23 29 17 8 11 24 22 35 34 10 51 53 18 84
8 41 54 1 4 32 16 3 5 9 21 15 12 26 39 29 23 17 11 24 8 22 35 53 10 34 51 18 84
9 41 1 54 4 32 3 16 9 21 15 12 26 39 23 29 17 24 11 8 22 35 53 10 34 51 18 84
10 54 1 4 32 16 9 3 21 15 26 12 39 23 17 29 24 11 22 53 10 34 18 51 84
11 1 54 4 9 3 16 21 15 26 12 39 23 17 29 11 24 22 53 10 34 18 84
12 1 54 4 3 9 21 15 16 26 12 39 23 29 17 22 11 24 53 10 34 18 84
13 1 54 4 21 9 3 16 26 12 39 23 29 17 22 11 24 53 10 34 18 84
14 1 54 4 21 9 3 16 26 12 29 23 39 17 22 11 24 53 10 34 18 84
15 54 1 4 21 9 3 16 26 12 29 23 17 39 22 11 24 53 10 34 18 84
16 1 54 4 21 9 3 16 26 12 29 23 17 39 22 11 24 53 10 34 18 84
17 1 54 4 21 3 9 16 26 12 29 23 17 39 22 11 53 10 34 18 24 84
18 1 4 21 3 9 16 26 12 29 23 39 17 22 11 53 10 34 18 84
19 1 4 21 3 9 16 26 12 29 23 39 17 22 11 53 10 34 18 84
20 1 4 21 9 3 16 26 12 29 39 23 17 22 11 53 10 34 18 84
21 1 4 21 3 9 16 26 12 29 23 39 17 22 11 10 53 34 18 84
22 1 4 3 9 21 16 26 12 29 23 39 17 22 11 53 10 34 18 84
23 1 4 21 9 3 16 26 12 29 23 39 17 22 11 53 10 34 18 84
24 1 4 21 9 16 26 12 23 29 39 17 22 11 10 53 34
L
a
p
s
Lapped riderWinner
Estoril, Sunday, September 03, 2000
MotoGP MotoGP MotoGP MotoGP MotoGP MotoGP MotoGP MotoGP MotoGP MotoGP MotoGP MotoGP MotoGP MotoGP MotoGP MotoGP MotoGP MotoGP MotoGP MotoGP MotoGP MotoGP MotoGP MotoGP MotoGP MotoGP MotoGP MotoGP MotoGP MotoGP MotoGP MotoGP MotoGP MotoGP MotoGP MotoGP MotoGP MotoGP MotoGP Moto
Official information of MotoGP
