Lap Chart
GP MARLBORO DE PORTUGAL
Computerised results and timing service
4182m
Estoril
250cc
22
Pos
Grid 19
1
74
2
56
3
4
4
6
5
35
6
42
7
26
8
30
9
9
10
10
11
14
12
21
13
24
14
8
15
25
16
41
17
22
18
11
19
31
20
20
21
15
22
23
23
37
24
66
25
18
26
16
27
77
28
38
29
85
30
86
31
87
32
1 74 4 35 56 14 19 9 6 42 25 30 8 10 22 26 18 37 24 20 11 66 31 77 21 23 41 15 38 85
2 4 74 35 56 19 14 6 10 25 26 8 22 18 37 31 20 24 66 11 21 77 15 41 23 85 38
3 4 74 35 56 19 14 10 25 26 8 22 18 37 31 20 24 66 21 11 77 15 41 23 85 38
4 74 19 35 14 10 25 26 22 31 18 37 24 20 66 21 11 77 15 41 23 85 38
5 74 35 19 14 10 25 26 22 31 18 24 37 66 21 11 15 77 41 23 20 85 38
6 74 19 35 14 10 25 26 22 31 24 18 66 37 21 11 15 77 41 23 20 85 38
7 74 19 35 14 10 25 26 22 24 31 18 66 37 11 21 77 15 23 41 20 85 38
8 74 19 35 14 10 26 25 22 24 31 18 66 11 37 21 77 23 41 15 20 85 38
9 74 19 35 14 26 10 25 24 22 18 11 31 66 37 21 77 23 15 41 20 85 38
10 74 19 35 14 26 10 25 24 22 18 11 31 66 37 21 23 77 15 20 85 38
11 74 19 35 14 26 10 25 24 22 18 11 31 37 66 21 15 77 23 20 85 38
12 74 19 35 14 26 10 25 24 22 11 18 31 37 66 21 15 77 23 20 85 38
13 74 19 35 14 26 10 25 24 22 11 18 31 66 21 37 77 23 20 85 38
14 74 19 35 14 26 10 25 24 11 22 18 31 66 21 37 77 23 20 85 38
15 74 19 35 14 26 10 25 24 11 22 18 66 37 21 77 23 20 31 85 38
16 74 19 35 14 26 10 24 25 11 22 18 66 21 37 77 23 20 31 85 38
17 74 19 35 14 26 10 24 25 11 18 22 66 21 37 77 23 20 31 85 38
18 74 19 35 14 26 24 10 25 11 18 22 66 21 37 77 23 20 31 85 38
19 74 19 35 14 26 24 10 25 11 18 22 66 21 37 77 23 20 31 38 85
20 74 19 35 14 26 24 10 25 11 18 22 66 21 37 77 23 31 20 38 85
21 74 19 35 14 26 24 10 25 11 18 22 66 21 37 77 23 31 38 85
22 74 19 35 14 26 24 10 25 11 18 22 66 21 37 77 23 31 38 85
23 74 19 35 14 26 24 10 25 11 18 22 66 21 37 77 23 31 38 85
24 74 19 35 14 26 24 10 11 18 22 66 21 25 37 77 23 31 85 38
25 74 19 35 14 26 24 10 11 18 22 66 21 25 37 77 23 31 85 38
26 74 19 35 14 26 10 24 11 22 18 66 21 25 37 77 23 31
L
a
p
s
Lapped riderWinner
Estoril, Sunday, September 03, 2000
MotoGP MotoGP MotoGP MotoGP MotoGP MotoGP MotoGP MotoGP MotoGP MotoGP MotoGP MotoGP MotoGP MotoGP MotoGP MotoGP MotoGP MotoGP MotoGP MotoGP MotoGP MotoGP MotoGP MotoGP MotoGP MotoGP MotoGP MotoGP MotoGP MotoGP MotoGP MotoGP MotoGP MotoGP MotoGP MotoGP MotoGP MotoGP MotoGP Moto
Official information of MotoGP
