Lap Chart
GP MARLBORO DE PORTUGAL
Computerised results and timing service
4182m
Estoril
500cc
22
Pos
Grid 24
1
9
2
17
3
2
4
4
5
8
6
10
7
7
8
1
9
55
10
5
11
46
12
6
13
65
14
99
15
68
16
31
17
25
18
15
19
18
20
20
21
43
22
1 5 24 2 55 6 17 4 99 10 7 46 8 65 25 1 31 68 15 18 43 20
2 5 24 2 55 6 4 17 10 46 99 8 65 7 1 25 31 15 18 20 43 68
3 5 24 2 55 6 4 17 10 46 99 8 65 7 1 25 31 15 18 20 43 68
4 5 24 2 55 6 4 17 10 46 99 8 65 1 7 31 25 15 18 20 68 43
5 5 24 2 6 55 4 17 46 10 8 99 65 1 7 31 25 15 18 68 20 43
6 24 5 2 6 55 4 17 46 10 8 99 65 1 7 31 25 15 18 68 20 43
7 24 5 2 4 6 55 46 17 10 8 99 1 65 7 31 25 15 18 68 20 43
8 24 5 2 4 6 46 55 17 10 8 1 99 65 7 31 25 15 18 68 20 43
9 24 5 2 4 6 46 55 17 10 8 99 1 65 7 31 25 15 18 68 20 43
10 24 5 2 4 46 6 55 17 10 8 99 1 65 7 31 25 15 68 18 20 43
11 24 2 5 4 46 6 55 17 8 10 99 1 65 7 31 25 15 68 18 20
12 24 2 5 4 46 6 55 8 17 10 99 1 65 7 31 25 68 15 18 20
13 24 2 5 4 46 6 8 55 17 10 99 1 65 7 31 25 68 15 18 20
14 24 2 5 4 46 8 6 55 17 10 1 99 7 65 31 25 68 15 18 20
15 24 2 5 4 46 8 55 6 17 10 1 99 7 65 31 25 68 15 18 20
16 24 2 5 4 46 8 55 6 17 1 10 99 7 65 31 25 68 15 18 20
17 24 2 5 46 4 8 55 6 17 1 10 99 7 65 31 25 68 15 18 20
18 24 2 46 5 4 8 55 6 1 17 10 99 7 65 31 25 68 15 18 20
19 24 2 46 5 4 55 8 1 6 17 10 99 7 65 31 25 68 15 18 20
20 24 2 46 5 4 55 1 8 17 6 10 99 7 65 31 25 68 15 18 20
21 24 2 46 4 55 1 17 8 6 10 7 99 65 31 25 68 15 18 20
22 24 2 46 4 55 1 17 8 6 10 7 99 65 31 25 68 15 18 20
23 24 2 46 4 55 1 17 8 6 10 7 99 65 31 25 68 15 18 20
24 24 2 46 4 55 1 17 8 6 10 7 99 65 31 25 68 15 18 20
25 24 2 46 4 55 1 17 8 6 10 7 99 65 31 25 68 15 18 20
26 24 2 46 4 55 1 17 8 6 10 7 99 65 31 68 25 15 18 20
27 24 2 46 4 55 1 8 17 6 10 7 99 65 31 68 25 15 18 20
28 24 2 46 4 55 1 8 17 6 10 99 7 65 31 68 25 15
L
a
p
s
Lapped riderWinner
Estoril, Sunday, September 03, 2000
MotoGP MotoGP MotoGP MotoGP MotoGP MotoGP MotoGP MotoGP MotoGP MotoGP MotoGP MotoGP MotoGP MotoGP MotoGP MotoGP MotoGP MotoGP MotoGP MotoGP MotoGP MotoGP MotoGP MotoGP MotoGP MotoGP MotoGP MotoGP MotoGP MotoGP MotoGP MotoGP MotoGP MotoGP MotoGP MotoGP MotoGP MotoGP MotoGP Moto
Official information of MotoGP
