GAULOISES TT ASSEN
Computerised results and timing service
5997 m.
Assen
125cc
Race
Lap Chart 22
Pos
Grid 36
1
14
2
75
3
58
4
12
5
33
6
54
7
7
8
55
9
60
10
71
11
52
12
63
13
19
14
43
15
6
16
76
17
32
18
35
19
41
20
29
21
18
22
22
23
11
24
16
25
8
26
9
27
47
28
44
29
45
30
10
31
15
32
25
33
28
34
26
35
42
36
46
37
37
38
78
39
79
40
1 36 12 60 14 19 54 7 58 75 55 41 33 71 6 63 22 52 35 18 29 43 76 32 10 47 8 42 45 16 25 11 26 15 79 28 37 46 78 9
2 19 12 14 7 36 60 58 75 54 55 71 33 22 6 52 18 43 29 35 76 47 32 8 42 16 11 25 26 45 28 15 63 79 46 37 78
3 12 7 14 36 19 60 58 75 55 54 71 33 22 52 18 6 43 29 76 47 35 32 8 42 16 11 63 25 45 26 28 79 46 37 15 78
4 12 58 36 7 19 14 75 60 55 71 54 33 22 6 52 18 76 32 43 47 29 35 8 42 63 11 16 25 45 26 28 79 46 37 78
5 58 36 12 19 14 7 75 55 60 33 71 54 22 6 18 32 52 76 43 47 35 29 8 63 42 16 11 25 45 26 28 79 46 37 78
6 58 36 12 14 7 19 75 55 60 33 71 54 22 18 52 32 6 43 47 76 35 29 63 8 42 16 11 25 45 26 28 79 46 37 78
7 36 14 12 58 19 75 7 55 60 33 71 54 22 18 52 32 43 6 76 47 63 29 8 42 16 11 25 45 26 28 79 46 37 78
8 36 14 12 19 75 58 7 55 33 60 71 54 22 52 18 43 32 76 6 63 47 8 42 29 16 11 25 26 28 45 79 46 37 78
9 12 36 14 58 19 7 75 55 33 60 71 54 22 52 43 32 18 76 6 63 8 47 42 29 16 11 25 26 45 28 79 37 46 78
10 58 36 14 12 19 75 55 7 33 60 54 71 22 32 43 76 18 52 6 63 8 42 47 29 11 16 25 26 45 28 79 37 78
11 58 14 36 12 19 55 7 75 33 54 60 71 22 32 18 76 43 6 52 63 8 47 42 29 11 16 25 45 26 28 79 37 78
12 58 14 36 12 19 55 75 7 33 54 60 71 22 76 32 63 18 43 52 6 8 42 47 29 11 16 25 45 26 28 79 37 78
13 58 36 14 12 55 19 75 7 54 60 71 33 22 63 32 18 52 76 6 43 8 42 47 16 11 25 29 26 45 28 79 37 78
14 58 14 12 55 19 75 7 54 60 71 33 22 18 63 76 32 52 6 43 8 42 47 11 25 16 29 45 26 28 79 37 78
15 58 12 14 19 55 75 7 54 60 71 33 22 63 18 6 76 32 52 43 8 42 47 25 11 29 45 26 28 79 37 78
16 58 14 12 19 75 55 7 54 71 60 33 22 6 63 76 18 32 52 43 8 42 47 25 11 45 29 26 28 79 37 78
17 14 55 75 19 7 60 71 54 33 12 22 76 6 63 52 18 43 32 8 58 42 47 25 11 45 29 26 28 79 37 78
L
a
p
s
Lapped riderWinner
Assen, Saturday, June 25, 2005
These data/results cannot be reproduced, stored and/or transmitted in whole or in part by any manner of electronic, mechanical, photocopying, recording, broadcasting or otherwise now known or
herein after developed without the previous express consent by the copyright owner, except for reproduction in daily press and regular printed publications on sale to the public within 60 days of the event
related to those data/results and always provided that copyright symbol appears together as follows below.
© DORNA, 2005
Official information of MotoGP
www.motogp.com
