 Misano World Circuit              Results and timing service provided by
                                                                                                                                                                      Moto2
                                  GP TIM DI SAN MARINO E DELLA RIVIERA DI RIMINI
                                  Race
          4226 m.                 Lap Chart                                                                                                                                           31
Pos        1 2 3 4 5 6 7 8 9 10 11 12 13 14 15 16 17 18 19 20 21 22 23 24 25 26 27 28 29 30 31 32 33 34 35 36
Grid      36 53 12 40 77 5 88 30 4 49 23 94 60 11 39 18 19 21 7 81 96 54 95 22 55 20 25 8 14 10 97 84 32 64 70 59


     1    36 53 88 77         5 12 40 30 23 94 49 60 39 54 21                     4 11 19 95 81           7 18 96 22 14 20 55              8 84 64 97 70 32 10 25 59
     2    36 53 88 77         5 12 40 30 23 94 49 60 54 21 39                     4 11 95 19         7 81 18 96 22 14 55 20                8 84 64 97 70 32 10 25 59
     3    36 53 88        5 77 40 12 30 23 94 60 49 54                   4 21 11 39 95 19            7 81 18 96 22 55 14 20                8 84 64 97 32 70 10 25 59
     4    36 53      5 77 88 40 12 30 94 23 60 54 49 21                      4 11 95 39 19           7 81 18 22 55 14            8 20 84 64 97 32 70 10 25 96
     5    36 53      5 77 88 40 12 94 30 23 60 49 54 21                      4 11 95 39 19           7 81 18 22 55 14            8 20 84 64 97 32 70 25 10 96
     6    36 53      5 77 88 40 12 94 30 23 60 49 21 54                      4 11 95 39 19           7 81 22 55 18 14            8 20 84 97 64 32 70 10 96 25
     7    36 53      5 77 88 40 12 94 30 60 23 49 21 54                      4 11 95 39 19           7 81 22 55 14          8 18 20 84 97 64 32 70 10 96 25
     8    36 53      5 77 40 88 12 94 30 60 23 49 21 54 11 4 95 39 19                                7 22 81 55         8 14 18 20 84 64 32 97 70 10 96 25
     9    36 53      5 77 40 88 12 94 60 30 23 49 21 54 11 4 95 19 39                                7 22 55 81         8 14 18 20 84 64 97 32 70 10 96 25
    10    36 53      5 77 40 88 12 94 60 30 23 49 21 54 11 4 95 19 39 22                                  7 55 81       8 14 18 20 84 64 97 32 70 10 96 25

L   11    36 53      5 77 40 12 88 94 60 30 49 23 21 54 11 4 95 19 39                                7 22 55 81         8 14 20 84 64 97 32 70 10 96 25
a   12    36 53      5 77 40 12 88 94 60 30 49 21 23 54 11 4 95 19 39                                7 22 55 81         8 14 20 84 97 64 32 70 10 96 25
p         36 53      5 77 40 12 94 60 30 49 21 23 54 11 4 95 19 39 22 55                                  7 81     8 14 20 97 32 64 70 10 96 88 25
s
    13
    14    36 53      5 77 40 12 94 60 30 49 21 23 54 11 4 95 19 39 22 55                                  7 81     8 14 20 97 64 32 70 10 96 25
    15    36 53      5 77 40 12 94 60 30 49 21 23 54 11 4 95 19 39 22 55                                  7 81     8 14 20 97 64 32 70 96 10 25
    16    36 53      5 40 77 12 94 60 30 21 49 54 23 11 4 95 19 39 22 55                                  7 81     8 14 20 97 64 32 70 96 10 25
    17    36 53      5 40 77 12 94 60 30 21 49 54 23 11 4 95 19 22 39 55                                  7 81     8 14 20 97 64 32 70 96 10 25
    18    53 36      5 40 77 12 94 60 30 21 49 23 54 11 4 95 19 22 39 55 81                                   8    7 14 20 64 97 32 96 70 10 25
    19    53 36      5 40 12 77 94 60 21 30 49 23 11 54                      4 95 19 22 39 55 81              8    7 20 14 64 97 96 32 70 10 25
    20    53 36      5 40 12 77 94 60 21 30 49 23 11 54                      4 95 19 22 39 55 81              8    7 20 14 96 64 97 70 32 10 25
    21    53 36      5 40 12 77 94 60 21 49 30 23 11 54                      4 95 19 39 22 55 81              8    7 20 14 96 64 97 70 32 10 25
    22    53 36      5 40 12 77 94 21 60 49 30 23 11 54                      4 95 19 39 22 55 81              8    7 20 14 96 97 64 70 32 10 25
    23    53 36      5 40 12 77 94 21 60 49 30 23 11 54                      4 95 39 19 22 55 81              8    7 20 14 96 97 64 70 32 10 25
    24    53 36      5 40 12 77 94 60 21 49 30 23 11 54                      4 39 95 19 22 55 81              8    7 20 14 96 97 64 70 32 10 25
    25    53 36      5 40 12 77 94 21 60 49 30 23 11 54                      4 39 19 95 22 55 81              8    7 20 14 96 97 64 70 32 10 25
    26    53 36      5 40 12 77 21 60 49 30 23 11 54                     4 39 19 95 22 94 55 81               8 20      7 14 96 97 64 70 32 10




          Winner                   Lapped rider
These data/results cannot be reproduced, stored and/or transmitted in whole or in part by any manner of electronic, mechanical, photocopying, recording, broadcasting or otherwise now
known or herein after developed without the previous express consent by the copyright owner, except for reproduction in daily press and regular printed publications on sale to the public
within 60 days of the event related to those data/results and always provided that copyright symbol appears together as follows below.
© DORNA, 2014

Official MotoGP Timing byTISSOT
www.motogp.com

Misano Adriatico, Sunday, September 14, 2014
