GAULOISES G.P. CESKE REPUBLIKY
Computerised results and timing service
5403 m.
Automotodrom Brno
250cc
Race
Lap Chart 22
Pos
Grid 48
1
1
2
27
3
34
4
7
5
19
6
5
7
73
8
55
9
50
10
15
11
80
12
24
13
96
14
57
15
8
16
25
17
64
18
6
19
28
20
32
21
17
22
14
23
44
24
21
25
38
26
36
27
70
28
41
29
23
30
20
31
22
32
1 73 34 48 5 27 1 50 6 14 15 7 96 19 28 57 44 25 8 17 21 64 36 32 38 41 70 23
2 73 5 48 27 34 1 50 7 6 14 19 96 15 57 28 25 8 64 17 21 32 36 38 44 41 70 23
3 73 5 48 27 34 1 50 19 7 14 6 96 15 57 25 28 8 64 17 32 21 36 44 38 41 70 23
4 73 5 48 27 34 1 50 19 7 14 15 6 96 57 25 28 8 64 17 32 21 36 44 38 41 70 23
5 48 73 5 27 34 1 50 19 7 15 14 96 6 28 8 64 17 32 36 21 44 38 41 70 23 25
6 48 73 5 27 34 1 50 19 7 15 96 14 6 28 64 8 17 32 36 21 44 38 41 70 23 25
7 48 73 5 34 27 1 50 19 7 15 14 96 6 28 64 8 17 32 21 36 44 38 41 70 23 25
8 48 73 5 34 27 1 50 19 7 15 14 96 6 28 64 8 17 32 21 36 44 38 41 70 23 25
9 48 73 5 1 27 34 19 50 7 15 14 96 6 28 64 8 17 32 21 36 44 38 41 70 23 25
10 48 5 1 73 27 34 19 50 7 15 96 14 6 28 64 8 17 32 21 44 36 38 41 70 23 25
11 48 1 5 73 27 34 19 7 50 15 96 14 6 28 64 8 17 32 21 44 36 41 38 70 23 25
12 48 1 5 27 73 34 19 7 50 15 96 14 6 28 64 8 17 32 21 44 36 38 41 70 23 25
13 48 1 5 27 73 34 19 7 50 15 96 14 6 28 64 8 17 32 21 44 36 38 41 70 23 25
14 48 5 1 27 34 73 19 7 50 15 14 96 6 28 64 8 17 32 21 44 36 38 41 70 23 25
15 48 5 1 27 34 73 19 7 50 15 14 96 6 28 64 8 17 32 21 44 36 38 41 70 23 25
16 48 1 5 27 34 73 19 7 50 15 14 96 6 28 64 8 17 32 21 44 36 38 41 70 23 25
17 1 48 27 5 34 73 19 7 50 15 14 96 6 28 64 8 17 32 21 44 36 38 41 70 23 25
18 1 48 27 5 34 73 19 7 50 15 14 96 6 28 64 17 8 32 21 44 36 38 41 70 25 23
19 1 48 27 5 73 34 19 7 15 50 14 96 6 28 64 17 8 32 21 44 36 38 41 70 25 23
20 1 48 27 5 73 34 19 7 15 50 96 14 6 64 17 8 32 21 36 41 38
L
a
p
s
Lapped riderWinner
Brno, Sunday, August 28, 2005
These data/results cannot be reproduced, stored and/or transmitted in whole or in part by any manner of electronic, mechanical, photocopying, recording, broadcasting or otherwise now known or
herein after developed without the previous express consent by the copyright owner, except for reproduction in daily press and regular printed publications on sale to the public within 60 days of the event
related to those data/results and always provided that copyright symbol appears together as follows below.
© DORNA, 2005
Official information of MotoGP
www.motogp.com
