Lap Chart
GRAND PRIX POLINI DE FRANCE
Computerised results and timing service
4305m
Le Mans
125cc
22
Race
Pos
Grid 41
1
54
2
9
3
39
4
5
5
24
6
6
7
23
8
29
9
21
10
7
11
11
12
16
13
15
14
26
15
28
16
31
17
4
18
17
19
10
20
22
21
8
22
25
23
34
24
20
25
12
26
27
27
18
28
63
29
61
30
62
31
60
32
59
33
14
34
1 54 24 5 41 39 23 6 21 4 16 9 7 15 28 29 25 11 17 26 34 18 10 27 63 20 12 62 59 61 14 60
2 54 24 5 41 6 39 23 4 9 21 7 15 16 29 11 28 17 25 26 18 10 34 27 63 20 12 62 61 59 14 60
3 54 24 5 6 41 23 39 9 4 21 15 7 16 29 11 17 28 25 26 18 34 27 63 10 20 12 62 61 59 14 60
4 54 6 24 5 23 41 39 9 4 21 15 7 16 29 11 17 28 25 26 18 34 27 63 10 20 12 62 61 59 60 14
5 6 54 24 5 23 41 39 9 4 21 15 7 16 29 11 17 28 25 26 18 34 10 27 63 12 20 62 61 60 14 59
6 54 6 24 5 23 39 9 21 41 4 15 7 16 29 17 11 28 25 26 18 10 34 27 63 12 20 62 60 61 14 59
7 6 54 5 23 24 9 21 39 7 4 15 41 16 29 17 11 28 25 26 18 10 34 27 63 12 20 62 60 14 59
8 6 54 23 24 5 9 21 7 39 4 15 41 16 29 17 11 28 25 26 18 10 34 27 63 12 20 62 60 14 59
9 6 54 23 24 5 7 9 4 21 39 41 15 16 29 17 11 28 25 26 18 10 34 27 63 12 20 62 60 14 59
10 6 54 23 24 5 9 4 21 41 15 16 39 17 29 11 28 26 25 18 10 34 27 63 12 20 62 60 14 59
11 54 6 23 24 9 5 41 4 21 15 39 16 17 29 11 28 26 25 18 10 34 27 63 12 20 62 60 14 59
12 54 23 6 24 9 5 41 4 21 15 39 16 17 29 11 28 25 26 18 10 34 27 63 12 20 62 60 14 59
13 54 23 6 24 9 5 41 4 21 39 15 16 17 29 11 28 25 26 18 10 34 27 63 12 20 62 60 14 59
14 23 54 6 9 24 5 41 4 21 39 15 16 17 29 11 28 25 26 18 10 34 27 63 12 20 62 60 14 59
15 54 6 23 24 9 5 21 4 41 15 39 16 17 29 11 28 25 26 18 10 34 27 63 12 20 62 60 14 59
16 54 6 23 9 24 5 21 4 41 15 16 39 17 29 11 28 26 25 18 10 34 27 63 12 20 62 60 14 59
17 6 54 23 9 24 21 5 4 41 15 39 16 29 17 11 28 26 25 18 10 34 27 63 12 20 62 60 14 59
18 54 6 23 9 24 21 4 5 41 39 15 29 16 17 11 28 26 25 18 10 34 27 63 12 20 62 60 14 59
19 54 23 6 9 24 21 4 5 41 39 15 29 17 16 11 28 26 25 18 10 34 27 63 20 62 60 14 59
20 23 54 6 9 24 21 4 5 39 41 15 29 17 16 11 28 26 25 18 10 34 27 63 20 62 60 14 59
21 54 23 6 9 24 21 4 5 39 15 29 41 17 16 11 28 26 18 10 34 27 63 20 62 60 14 59
22 54 6 23 24 9 21 4 5 39 15 29 41 17 16 11 28 26 18 10 34 27 63 20 62 60 14 59
23 54 6 24 23 9 21 5 4 39 15 29 41 17 16 11 28 26 18 10 34 27 63 20 62 60 14 59
24 54 6 24 23 9 21 5 4 39 29 41 17 16 15 11 28 26 18 10 34 27 63 20 62
L
a
p
s
Lapped riderWinner
Le Mans, Sunday, May 20, 2001
These data/results can not be reproduced, stored and/or transmitted in whole or in part by any manner of electronic, mechanical, photocopying, recording, broadcasting or otherwise now
known or herein after developed without the previous express consent by the copyright owner, except for reproduction in daily press and regular printed publications on sale to the public
within 60 days of the event related to those data/results and always provided that copyright symbol appears together as follows below.
© DORNA, 2001
Official information of MotoGP
www.motograndprix.com
