Lap Chart
CINZANO BRITISH GRAND PRIX
Computerised results and timing service
4023m
Donington Park
125cc
22
Race
Pos
Grid 7
1
3
2
34
3
24
4
36
5
80
6
17
7
4
8
27
9
15
10
22
11
23
12
12
13
41
14
79
15
42
16
1
17
19
18
48
19
6
20
11
21
8
22
32
23
58
24
25
25
63
26
10
27
26
28
33
29
31
30
21
31
81
32
78
33
84
34
51
35
50
36
49
37
83
38
1 34 80 3 4 7 41 36 27 15 42 22 1 23 79 11 48 32 12 8 58 63 10 25 6 26 31 19 21 33 84 50 78 81 49 83
2 34 80 3 7 4 36 27 41 15 42 23 22 1 79 8 58 63 6 10 25 31 26 19 33 84 21 81 78 49 50 83 12
3 34 80 3 7 4 41 42 36 15 27 1 23 79 22 8 58 6 63 10 25 31 19 26 33 84 81 21 78 49 50 83 12
4 34 80 7 3 4 42 15 41 27 1 36 23 22 79 8 58 6 63 10 25 19 31 33 26 81 84 21 78 49 50 83 12
5 80 34 7 4 3 42 15 27 41 36 1 23 22 79 8 6 58 63 19 10 25 31 33 26 81 21 84 78 49 50 83 12
6 80 7 34 4 3 42 27 15 36 1 22 79 8 6 58 63 19 25 10 31 26 81 78 21 84 49 23 50 83 12
7 80 4 7 34 3 27 42 15 36 22 1 79 6 8 58 63 19 25 10 31 26 81 78 84 21 23 49 50 12 83
8 80 7 4 34 3 27 15 42 36 22 1 79 6 8 58 63 19 25 10 31 26 81 78 84 23 49 12 50 83
9 80 7 4 34 3 27 15 42 36 1 22 79 6 8 58 19 63 25 10 31 26 78 81 84 23 12 49 50 83
10 80 4 7 34 3 27 15 42 36 1 22 79 6 8 58 19 63 25 10 31 26 78 81 23 84 12 49 50 83
11 4 7 80 34 3 27 15 36 1 42 22 79 6 8 58 19 63 25 10 31 26 78 81 23 84 12 49 50 83
12 4 7 80 34 3 27 15 36 1 42 22 79 6 8 58 19 63 25 10 31 26 81 78 23 84 12 49 50 83
13 4 80 7 34 3 27 15 36 1 22 42 79 6 8 58 19 63 25 10 31 26 81 78 23 12 84 50 49 83
14 80 7 34 3 27 15 36 22 1 42 79 4 6 8 58 19 63 25 10 31 26 81 78 23 12 84 49 50 83
15 80 7 34 3 27 15 36 22 1 42 79 4 6 8 19 63 58 25 10 31 26 81 78 23 12 84 49 50 83
16 80 7 3 34 27 15 22 36 1 79 42 4 6 8 19 63 58 25 31 10 26 81 78 23 12 84 50 49 83
17 80 7 3 34 15 27 22 36 1 79 42 4 6 8 19 63 58 25 31 10 26 81 78 23 12 84 49 50 83
18 80 7 3 34 15 27 22 1 36 79 42 4 6 8 19 63 58 25 10 31 26 81 78 23 12 84 49 50 83
19 80 7 3 34 15 27 22 1 36 79 4 42 6 8 19 63 58 25 10 31 26 23 81 78 12 84 49 50 83
20 80 7 34 3 15 27 22 36 1 79 4 6 42 8 19 63 58 25 10 31 26 23 81 78 12 84 50 49 83
21 80 7 34 3 15 27 22 36 1 79 4 6 42 8 19 63 58 25 10 31 26 23 81 78 12 84 50 49 83
22 80 7 34 3 15 27 22 36 1 79 4 6 42 8 19 63 58 25 10 26 31 23 81 78 12 84 50 49 83
23 80 7 34 3 15 27 22 36 1 79 4 6 42 8 19 63 58 25 26 31 23 81 78 12 84 50 49 83
24 80 34 3 7 15 27 22 36 1 79 4 6 42 19 8 63 58 25 26 31 23 81 78 12 84 50 49
25 80 34 7 15 27 22 36 1 79 4 6 42 8 19 63 58 25 31 23 78 81 12
L
a
p
s
Lapped riderWinner
Donington, Sunday, July 13, 2003
These data/results cannot be reproduced, stored and/or transmitted in whole or in part by any manner of electronic, mechanical, photocopying, recording, broadcasting or otherwise now known or
herein after developed without the previous express consent by the copyright owner, except for reproduction in daily press and regular printed publications on sale to the public within 60 days of the event
related to those data/results and always provided that copyright symbol appears together as follows below.
© DORNA, 2003
Official information of MotoGP
www.motograndprix.com
