GRAN PREMI CINZANO DE CATALUNYA
Computerised results and timing service provided by TISSOT
4727 m.
Circuit de Catalunya
125cc
Race
Lap Chart 22
Pos
Grid 19
1
36
2
22
3
55
4
75
5
60
6
52
7
24
8
18
9
1
10
33
11
32
12
14
13
6
14
71
15
29
16
35
17
8
18
11
19
80
20
38
21
41
22
23
23
63
24
13
25
21
26
15
27
92
28
43
29
53
30
44
31
45
32
7
33
16
34
12
35
37
36
9
37
26
38
78
39
10
40
1 22 19 1 55 75 32 24 36 60 52 33 14 38 29 6 11 63 35 8 18 41 43 21 26 10 15 44 12 92 45 78 20 13 23 37 16
2 19 1 22 55 75 32 36 24 52 33 60 14 6 29 38 35 63 8 18 11 41 43 26 10 21 12 15 44 92 78 45 13 20 23 37 16
3 19 22 55 75 1 32 52 33 14 6 35 29 38 18 8 63 11 41 10 26 43 21 12 15 44 92 78 45 13 23 20 37 16
4 19 75 22 55 1 32 52 33 14 6 35 18 29 38 8 63 11 10 26 41 43 21 12 15 92 44 45 78 13 23 20 37 16
5 75 19 55 22 1 52 33 14 32 6 35 18 29 8 38 63 11 10 26 41 43 92 12 15 21 44 45 23 78 13 20 37 16
6 19 75 55 1 22 52 33 14 32 6 35 18 29 8 38 63 11 43 41 10 26 92 12 44 21 15 45 23 78 13 20 37 16
7 19 55 75 1 52 33 22 14 32 6 35 18 29 8 38 63 11 43 41 10 26 92 12 44 21 15 23 45 78 13 20 37 16
8 19 55 75 52 1 33 22 14 32 6 18 35 8 29 38 63 11 43 92 26 12 44 21 15 41 10 78 23 13 45 20 37 16
9 19 55 52 75 1 33 22 14 32 35 6 18 29 8 38 63 11 43 92 26 12 44 21 15 13 78 23 45 20 37 16
10 19 52 55 1 75 33 22 14 32 6 29 18 35 8 38 43 63 11 92 44 26 12 21 15 13 78 23 45 37 20 16
11 19 52 55 1 75 33 22 14 32 6 18 35 29 8 38 43 63 11 92 44 12 26 15 21 13 23 78 45 37 20 16
12 19 52 75 55 1 33 22 14 32 6 18 35 8 29 38 43 63 11 92 44 12 26 15 21 23 13 78 45 37 20 16
13 19 75 52 55 1 33 22 14 32 6 18 35 8 29 38 43 92 11 63 44 12 26 15 21 78 13 23 45 37 20 16
14 19 75 52 55 33 1 22 14 32 6 18 35 29 8 38 43 92 11 63 44 15 12 26 21 13 78 23 45 37 20
15 19 75 52 55 33 1 22 14 6 32 18 35 29 38 8 43 92 11 63 44 12 26 15 21 23 13 78 45 37 20
16 75 52 19 55 1 33 22 14 6 32 18 35 29 8 38 43 92 11 63 44 12 26 15 21 13 23 78 45 37 20
17 75 1 19 55 52 33 22 14 6 32 18 35 43 38 8 92 29 11 63 44 26 12 15 21 23 13 78 45 37 20
18 19 1 75 55 33 52 22 14 6 32 18 35 43 92 8 38 29 63 11 12 15 44 26 21 13 23 45 78 37 20
19 19 55 1 75 33 52 22 14 6 32 18 35 92 8 43 38 29 63 11 44 12 26 15 21 23 13 45 78 37 20
20 19 55 75 1 33 52 22 14 6 32 18 35 92 8 38 43 29 63 11 12 44 26 15 21 23 13 45 78 37 20
21 19 55 33 75 52 1 22 14 6 32 18 35 92 43 8 38 29 63 11 44 12 26 15 21 23 13 45 78 37 20
22 19 55 33 75 52 1 22 14 6 32 18 35 92 43 8 38 29 63 11 15 44 12 26 21 23 13 45 78 37 20
L
a
p
s
Lapped riderWinner
Barcelona, Sunday, June 18, 2006
These data/results cannot be reproduced, stored and/or transmitted in whole or in part by any manner of electronic, mechanical, photocopying, recording, broadcasting or otherwise now known or
herein after developed without the previous express consent by the copyright owner, except for reproduction in daily press and regular printed publications on sale to the public within 60 days of the event
related to those data/results and always provided that copyright symbol appears together as follows below.
© DORNA, 2006
Official MotoGP Timing by TISSOT
www.motogp.com
