GRAN PREMIO D'ITALIA TIM
Results and timing service provided by
5245 m.
Autodromo del Mugello
Moto2
Race
Lap Chart 31
Pos
Grid 22
1
77
2
1
3
12
4
39
5
5
6
3
7
19
8
40
9
49
10
11
11
60
12
94
13
55
14
73
15
7
16
30
17
54
18
23
19
4
20
21
21
88
22
36
23
25
24
70
25
96
26
66
27
51
28
2
29
95
30
10
31
1 77 12 22 3 19 39 1 5 94 60 30 7 54 49 11 40 36 21 23 88 73 55 4 96 70 25 95 10 2 66
2 12 77 19 1 94 5 39 60 22 7 30 54 49 11 40 21 36 73 23 88 55 4 25 96 70 95 10 2 3 66
3 77 19 1 94 5 39 60 22 7 11 49 40 21 30 73 54 36 23 55 88 25 4 96 70 95 10 2 3 66
4 1 77 19 94 5 39 22 7 60 11 21 49 40 73 36 54 30 23 55 25 88 4 96 70 95 10 2 3 66
5 77 1 5 94 19 39 22 60 7 11 49 40 54 30 55 23 25 88 73 4 96 95 70 10 2 3 66
6 77 1 94 5 39 19 22 60 7 11 49 40 30 54 55 25 23 73 88 4 96 95 70 10 2 3 66
7 1 77 5 39 19 22 60 7 11 49 40 30 55 54 25 23 73 88 4 95 96 70 10 2 66
8 1 77 5 39 22 19 60 7 11 49 40 55 30 25 54 73 23 88 4 95 96 70 10 2 66
9 1 77 5 22 39 19 60 7 11 49 40 55 25 30 73 54 23 88 4 95 96 70 10 2 66
10 1 5 77 22 19 39 60 7 11 49 40 55 25 73 30 54 23 4 88 95 96 70 10 2 66
11 1 5 77 22 19 39 60 7 11 49 40 73 55 25 30 23 4 54 88 95 96 70 10 2 66
12 1 5 77 22 19 39 60 7 11 49 73 40 55 30 25 4 23 88 54 95 96 70 10 2 66
13 1 5 77 22 19 39 60 7 11 49 73 40 55 30 25 4 23 88 54 95 96 70 10 2 66
14 1 5 77 22 19 39 60 7 11 49 73 40 55 30 25 4 23 88 54 95 96 70 10 2 66
15 1 5 77 22 19 39 60 7 11 49 73 40 55 30 25 4 23 54 88 95 96 70 10 2 66
16 1 5 77 22 19 39 60 11 49 7 73 40 55 30 25 4 23 54 88 95 96 70 10 2 66
17 1 5 77 22 19 39 60 11 49 7 73 40 55 30 25 4 54 23 88 95 96 70 10 2 66
18 1 5 77 22 39 19 60 11 49 7 73 40 55 30 25 4 54 23 88 95 96 10 70 2 66
19 1 5 77 22 39 19 60 11 49 7 73 40 55 30 4 25 23 54 88 95 96 10 70 2 66
20 1 5 77 22 39 19 60 11 49 7 73 40 30 4 25 23 88 54 95 10 96 70 2 66
21 1 5 77 22 39 19 60 11 49 7 40 73 30 4 25 23 88 54 95 96 10 70 2
L
a
p
s
Lapped riderWinner
Mugello, Sunday, May 31, 2015
These data/results cannot be reproduced, stored and/or transmitted in whole or in part by any manner of electronic, mechanical, photocopying, recording, broadcasting or otherwise now
known or herein after developed without the previous express consent by the copyright owner, except for reproduction in daily press and regular printed publications on sale to the public
within 60 days of the event related to those data/results and always provided that copyright symbol appears together as follows below.
© DORNA, 2015
Official MotoGP Timing by
www.motogp.com
TISSOT
