GRAN PREMIO CINZANO D'ITALIA
Computerised results and timing service
5245 m.
Mugello
125cc
Race
Lap Chart
22
Pos
Grid 21
1
27
2
54
3
34
4
15
5
36
6
3
7
48
8
63
9
32
10
6
11
22
12
52
13
41
14
10
15
58
16
50
17
19
18
23
19
12
20
24
21
14
22
47
23
42
24
75
25
7
26
25
27
76
28
8
29
69
30
66
31
53
32
33
33
26
34
16
35
61
36
28
37
77
38
11
39
1 34 27 3 15 54 21 36 22 41 48 19 6 32 47 63 58 14 24 23 10 42 50 12 7 53 26 52 61 77 28 16 25 75 66 11 33
2 3 34 15 54 27 21 22 36 19 48 6 41 63 47 58 32 14 23 42 10 24 50 12 7 53 26 52 61 77 25 16 28 75 66 11 33
3 3 34 15 27 21 54 22 19 36 6 41 48 58 47 14 23 32 42 50 24 10 7 53 52 26 61 16 77 25 66 28 75 11 33
4 15 34 3 21 27 54 22 19 6 36 58 41 48 47 23 32 14 42 50 24 10 52 7 53 26 61 16 25 66 77 75 28 11 33
5 3 21 15 34 27 22 54 19 36 58 6 41 48 47 23 14 42 32 50 24 10 52 26 7 61 53 25 16 66 75 77 28 11 33
6 3 34 21 22 15 54 27 19 36 58 6 41 48 47 23 42 14 32 50 24 52 7 10 61 53 26 25 16 75 66 77 28 11 33
7 3 34 22 27 21 54 15 19 58 6 36 41 48 47 14 50 23 24 52 26 61 53 25 10 16 75 66 77 28 11 33
8 15 34 22 3 27 21 54 19 6 58 41 36 48 23 50 14 24 52 26 61 25 53 10 16 66 75 28 11 47 33 77
9 15 3 22 34 21 54 27 19 6 41 36 48 23 50 14 24 26 52 25 61 53 10 75 28 11 33
10 15 22 27 3 34 54 6 21 19 41 36 23 48 24 50 14 52 26 25 53 61 10 75 28 11 33
11 15 22 34 27 3 6 21 54 41 36 48 24 50 23 14 25 26 52 61 53 10 75 28 11 33
12 15 22 34 27 3 21 6 41 54 36 48 24 50 23 14 26 25 52 61 53 10 75 28 11 33
13 15 22 34 27 3 21 6 36 54 41 48 24 50 23 14 25 26 52 61 53 75 10 28 33
14 15 34 22 27 3 6 21 36 54 41 48 24 50 23 14 25 52 26 61 53 75 10 28 33
15 15 34 22 27 3 21 6 36 54 41 48 24 23 50 14 25 52 26 61 75 53 10 28 33
16 15 34 22 27 3 6 21 36 54 41 48 23 24 14 50 25 52 26 75 53 61 10 28 33
17 22 15 34 3 27 6 21 36 54 41 23 24 48 14 50 52 25 26 75 61 53 10 28 33
18 34 3 15 22 27 6 21 54 41 23 48 24 14 50 25 26 52 75 61 53 10 28 33
19 15 22 34 27 3 6 21 54 41 23 48 24 14 50 26 52 25 75 61 53 10 28 33
20 15 27 3 34 6 22 21 54 23 48 24 50 14 26 52 25 75 53 61 10 28 41
L
a
p
s
Lapped riderWinner
Mugello, Sunday, June 06, 2004
These data/results cannot be reproduced, stored and/or transmitted in whole or in part by any manner of electronic, mechanical, photocopying, recording, broadcasting or otherwise now
known or herein after developed without the previous express consent by the copyright owner, except for reproduction in daily press and regular printed publications on sale to the public
within 60 days of the event related to those data/results and always provided that copyright symbol appears together as follows below.
© DORNA, 2004
Official information of MotoGP
www.motogp.com
