NICKEL & DIME BRITISH GRAND PRIX
Computerised results and timing service provided by
4023 m.
Donington Park
125cc
Race
Lap Chart 22
TISSOT
Pos
Grid 75
1
24
2
71
3
14
4
33
5
55
6
22
7
7
8
38
9
6
10
34
11
35
12
44
13
29
14
63
15
11
16
8
17
60
18
20
19
27
20
52
21
18
22
15
23
31
24
77
25
95
26
56
27
12
28
37
29
51
30
53
31
84
32
82
33
83
34
54
35
81
36
99
37
1 75 71 55 24 22 7 33 35 34 14 38 63 44 60 11 29 6 12 27 52 31 8 37 82 51 95 56 53 18 99 83 54 81 77 84 15 20
2 24 55 71 75 22 33 35 34 14 63 38 44 60 12 6 29 11 27 52 8 31 51 82 37 53 95 56 18 99 83 54 77 84 15 81 7 20
3 24 55 71 33 22 75 35 34 63 14 38 44 60 12 6 29 11 27 8 31 52 51 82 53 37 95 56 18 99 83 54 77 84 15 81 7 20
4 24 55 33 71 75 22 35 63 34 14 38 44 12 6 29 11 27 8 31 52 51 53 95 82 37 56 18 99 83 77 54 84 15 81 60 7 20
5 24 33 71 55 75 35 63 22 14 34 38 44 12 6 11 29 27 8 31 52 53 51 95 82 56 37 18 99 83 54 84 15 81 7 60 20
6 24 55 75 71 35 63 33 22 14 12 44 38 34 6 29 11 27 8 31 52 53 95 51 82 37 18 99 83 54 84 15 56 7 60 81 20
7 24 55 75 35 63 71 33 22 14 44 38 12 34 6 11 29 8 27 31 52 53 95 51 82 37 18 99 83 54 84 15 7 60 56 81 20
8 24 75 55 35 71 63 14 33 22 44 6 38 34 12 11 29 8 27 31 52 53 95 82 37 51 18 83 54 99 84 15 60 7 56 81 20
9 24 75 55 71 35 63 14 22 33 6 38 34 12 11 8 29 27 31 44 52 53 95 37 82 51 18 83 54 99 84 15 60 7 56 81 20
10 24 75 55 71 35 14 63 22 33 6 38 34 12 11 8 29 31 52 53 95 37 51 82 18 83 54 15 99 84 60 7 56 27 81 44 20
11 75 24 55 71 14 35 22 63 6 33 38 34 12 11 8 29 31 53 52 95 51 37 82 18 83 15 99 84 54 60 7 56 81 20
12 75 55 71 24 14 35 22 6 63 38 33 34 12 11 8 29 31 53 52 95 51 37 82 18 83 15 99 84 54 60 7 56 81 20
13 75 55 71 24 35 14 6 33 22 63 38 34 12 11 8 29 31 52 53 95 51 37 82 18 15 99 83 84 7 60 54 56 81 20
14 75 55 71 14 33 6 22 63 38 35 11 24 8 29 31 34 52 53 95 51 82 37 18 15 99 83 84 7 60 54 56 81 20
15 75 55 71 33 14 6 63 22 38 35 11 24 8 29 31 34 52 53 95 82 51 37 18 15 99 83 84 7 60 56 54 81 20
16 75 55 71 33 14 6 63 38 22 35 11 24 8 29 31 34 52 53 95 82 51 37 18 15 99 84 83 7 60 56 81 20
17 75 71 55 33 14 63 6 38 35 22 11 24 8 29 31 34 52 53 95 82 51 37 18 7 15 99 60 83 84 56 81 20
18 75 71 55 33 14 6 63 38 35 22 11 24 8 31 29 34 52 53 95 82 51 37 18 7 60 15 99 83 84 56 20 81
19 75 71 55 33 6 63 38 35 22 11 24 8 14 31 29 34 52 95 53 82 37 51 18 60 7 15 99 84 83 56 20 81
20 75 71 55 6 33 63 35 38 22 24 8 11 31 29 34 52 95 53 82 37 51 18 60 7 99 84 83 56 15 20 81
21 75 71 55 6 33 63 35 38 22 24 8 11 31 34 29 95 53 52 37 82 60 51 7 18 99 84 83 56 20 81
22 75 71 55 6 33 63 35 38 22 24 8 11 34 31 29 95 53 52 60 7 82 37 51 18 99 84 83 56 20 81
23 75 71 55 6 33 63 35 38 22 24 8 11 34 31 29 95 53 52 60 7 82 37 51 18 99 84 83 56 20 81
24 75 71 55 33 6 63 38 35 22 24 8 11 34 31 29 95 53 52 60 7 37 82 51 18 99 56 83 84 20 81
25 75 71 55 33 6 63 38 35 22 24 8 11 34 31 29 95 53 52 7 60 37 82 51 18 99 56 83 84
L
a
p
s
Lapped riderWinner
Donington, Sunday, June 24, 2007
These data/results cannot be reproduced, stored and/or transmitted in whole or in part by any manner of electronic, mechanical, photocopying, recording, broadcasting or otherwise now
known or herein after developed without the previous express consent by the copyright owner, except for reproduction in daily press and regular printed publications on sale to the public
within 60 days of the event related to those data/results and always provided that copyright symbol appears together as follows below.
© DORNA, 2007
Official MotoGP Timing by
www.motogp.com
TISSOT
