            Jerez                  Computerised results and timing service provided by TISSOT
                                                                                                                                                                      Moto2
                                  GRAN PREMIO bwin DE ESPAÑA
                                  Race
          4423 m.                 Lap Chart                                                                                                                                           31
Pos        1 2 3 4 5 6 7 8 9 10 11 12 13 14 15 16 17 18 19 20 21 22 23 24 25 26 27 28 29 30 31 32 33 34
Grid      80 45 30 40 81 19 18 23 12 95 3 24 77 60 36 14 63 4 11 54 72 15 49 52 9 27 92 88 44 5 7 96 17 97


     1    80 45 30 40 18 81 19 77                3 23 36 24 12 95 63 60 14 15                   4 54 27 44 88 72            5 52 96 17 97           7 11     9 49
     2    80 45 30 40 18 81 19 77 36 24                    3 23 95 63 60 12 15 27 54                 4    5 88 72 52 44 96 17 11               7 97      9

     3    80 45 30 40 18 81 19 77 36 24 23                     3 95 60 63 12 15 54 27                5 88     4 72 52 44 96 17 11              7 97      9

     4    80 45 30 40 18 81 19 77 36 24 23 95                       3 60 12 63 15 54 27              5 88     4 72 52 44 96 11 17              7 97      9

     5    80 45 30 40 18 81 19 77 36 24 23 95                       3 60 12 15 63 54 27              5 88     4 72 52 44 96 11 17              7 97      9

     6    80 45 30 40 18 81 19 77 36 24 23                     3 95 60 12 15           5 54 27 63         4 88 52 44 72 96 11 17               7 97      9

     7    80 45 30 40 18 81 19 77 36 24 23 95                       3 60 12 15         5 54 27 63         4 88 52 44 72 96 11 17               7 97      9

     8    80 45 30 40 18 81 19 77 36 24 23 95                       3 60 12 15         5 54 27 63         4 88 52 44 72 11 96 17               7 97      9

     9    80 45 30 40 18 81 19 77 36 24 23 95                       3 12 60       5 15 54 27         4 63 88 52 44 72 11 96 17                 7 97      9

    10    80 45 30 40 18 81 19 77 36 23 24 95                       3 12     5 15 60 54         4 63 88 44 11 72 96 17                7 52 97       9

L   11    80 45 30 40 18 81 19 77 36 23 24 95                       3 12     5 15 60 54         4 63 88 44 11 72 96 17                7 52 97       9
a   12    80 45 30 40 18 81 19 77 36 23 24 95                       3 12     5 15 60 54         4 63 88 44 11 72 96 17                7 52 97
p         80 45 30 40 18 81 19 77 36 23 24 95                       3 12     5 15 60 54 63           4 88 44 11 72 96 17              7 52 97
s
    13
    14    80 45 30 40 18 81 19 77 36 23 24 95                       3 12     5 15 60 54 63           4 88 44 11 72 96 17              7 52 97
    15    80 45 30 40 18 81 19 77 23 24 95                     3 12      5 15 60 54 63          4 88 11 44 72 36 96 17                7 52 97
    16    80 45 30 40 18 81 19 77 23 24 95 12                       3    5 15 54 60 63          4 11 88 44 72 96 17              7 52 97
    17    80 45 30 40 18 81 19 77 23 24 95 12                       3    5 15 54 60 63          4 11 88 44 72 96 17              7 52 97
    18    80 45 30 40 18 81 19 77 23 24 12 95                       3    5 15 54 60 63 11            4 88 44 72 96 17            7 52 97
    19    80 45 30 40 18 81 19 77 23 24 12 95                       3    5 15 54 60 63 11            4 88 44 72 96 17            7 52 97
    20    80 45 30 40 18 81 19 77 23 24 12 95                       3    5 15 54 60 11 63            4 88 44 72 96 17            7 52 97
    21    80 45 30 40 18 81 19 77 23 24 12 95                       3    5 15 54 60 11          4 63 88 44 72 96 17              7 52 97
    22    80 45 30 40 18 81 19 77 23 24 12 95                       3    5 15 54 60 11          4 63 88 44 72 17 96              7 52 97
    23    80 45 30 40 18 81 19 77 23 24 12 95                       3    5 15 54 60 11          4 63 88 44 72 17 96              7 52 97
    24    80 45 30 40 18 81 19 77 23 24 12 95 15                         3   5 54 60        4 11 44 63 88 72 17 96               7 52 97
    25    80 45 40 30 18 81 19 77 23 24 12 95                       3    5 15 54 60         4 11 63 88 44 72 17 96               7 52 97
    26    80 45 40 30 18 19 81 77 24 23 12 95                       5    3 15 54 60         4 11 63 88 44 72 17 96               7 52




          Winner                   Lapped rider
These data/results cannot be reproduced, stored and/or transmitted in whole or in part by any manner of electronic, mechanical, photocopying, recording, broadcasting or otherwise now
known or herein after developed without the previous express consent by the copyright owner, except for reproduction in daily press and regular printed publications on sale to the public
within 60 days of the event related to those data/results and always provided that copyright symbol appears together as follows below.
© DORNA, 2013

Official MotoGP Timing byTISSOT
www.motogp.com

Jerez de la Frontera, Sunday, May 05, 2013
