GRAN PREMIO bwin DE ESPAÑA
Computerised results and timing service provided by
4423 m.
Jerez
Moto3
Race
Lap Chart 19
TISSOT
Pos
Grid 42
1
11
2
44
3
10
4
84
5
8
6
32
7
61
8
25
9
5
10
7
11
96
12
12
13
26
14
52
15
55
16
27
17
28
18
39
19
23
20
99
21
51
22
21
23
19
24
77
25
41
26
31
27
63
28
53
29
9
30
15
31
3
32
30
33
89
34
1 84 44 42 5 61 25 12 96 11 10 55 32 26 27 39 41 7 28 23 51 31 63 99 53 9 89 3 19 21 30 77
2 44 84 42 5 96 61 12 11 55 10 39 32 26 27 41 7 51 23 28 31 63 99 53 9 3 89 19 25 21 30 77
3 44 42 5 96 61 12 11 39 55 10 26 32 27 51 23 99 53 63 25 19 89 21 30 28 77
4 42 5 96 39 55 10 11 26 32 27 51 23 99 53 63 25 19 89 21 30 28 12 77
5 42 5 96 39 11 55 10 32 26 27 51 23 99 53 63 25 19 21 89 30 12 77
6 42 5 96 39 11 10 55 32 26 27 23 51 99 53 63 25 19 21 30 89 12 77
7 42 96 5 11 39 10 55 26 27 51 23 99 53 25 63 19 21 30 89 12 77
8 96 42 5 11 39 10 55 26 27 23 51 99 53 25 63 19 21 30 89 12 77
9 42 5 96 11 39 10 26 55 27 51 23 99 25 53 63 19 21 30 89 12 77
10 42 5 11 39 10 55 26 23 27 51 99 25 53 63 19 21 30 89 12 77
11 5 42 11 39 10 27 51 23 55 26 25 99 53 63 19 21 30 89 12 77
12 5 42 11 39 10 27 25 26 23 51 99 55 53 63 19 21 30 12 89 77
13 5 42 39 10 11 25 26 27 23 51 55 99 53 63 19 21 12 89 30 77
14 5 10 42 39 11 25 26 27 23 51 55 99 63 19 21 12 89 30 53 77
15 5 42 39 11 10 25 26 27 23 51 55 63 19 21 12 89 30 53 77
16 5 42 39 11 10 25 27 23 55 63 19 21 12 30 89 53 77
17 5 39 42 11 10 25 23 27 55 63 19 21 12 30 89 53 77
18 5 11 42 39 10 25 23 27 55 63 19 21 12 89 30 53 77
19 5 11 42 39 10 25 23 27 55 63 19 21 12 30 89 53 77
20 5 11 42 39 10 25 23 27 55 63 19 12 21 89 30 77 53
21 5 42 11 39 10 25 23 27 55 63 19 12 21 30 89 77 53
22 5 39 42 11 10 25 23 27 55 63 19 12 21 89 30 77 53
23 5 39 11 42 10 25 23 27 55 63
L
a
p
s
Lapped riderWinner
Jerez de la Frontera, Sunday, April 29, 2012
These data/results cannot be reproduced, stored and/or transmitted in whole or in part by any manner of electronic, mechanical, photocopying, recording, broadcasting or otherwise now
known or herein after developed without the previous express consent by the copyright owner, except for reproduction in daily press and regular printed publications on sale to the public
within 60 days of the event related to those data/results and always provided that copyright symbol appears together as follows below.
© DORNA, 2012
Official MotoGP Timing by
www.motogp.com
TISSOT
