GP CINZANO DI SAN MARINO E RIVIERA DI RIMINI
Computerised results and timing service provided by
4180 m.
Misano
125cc
Race
Lap Chart 22
TISSOT
Pos
Grid 52
1
55
2
75
3
14
4
24
5
71
6
12
7
11
8
38
9
33
10
63
11
60
12
35
13
44
14
6
15
34
16
17
17
18
18
27
19
8
20
20
21
29
22
42
23
53
24
77
25
15
26
7
27
22
28
51
29
87
30
37
31
80
32
99
33
13
34
56
35
95
36
79
37
1 75 55 24 14 52 71 33 35 60 44 11 12 63 6 18 38 29 34 17 8 77 27 20 37 79 42 53 56 99 80 87 95 51 22 7 13
2 75 55 24 14 52 71 33 35 60 12 44 63 6 11 18 38 34 17 29 77 27 8 20 37 42 53 79 56 22 80 99 87 7 51 95 13
3 75 55 24 14 52 71 33 35 60 12 63 44 6 11 34 38 18 29 17 77 27 8 20 42 37 53 79 22 56 80 7 99 87 51 95 13
4 55 24 14 75 52 71 33 35 60 12 63 44 6 34 29 11 38 17 18 27 8 77 20 42 37 22 79 53 7 56 80 99 51 87 95 13
5 24 55 14 75 52 71 33 35 60 63 12 44 6 34 29 38 11 17 18 27 8 77 20 42 7 22 37 53 79 56 80 51 87 99 95 13
6 24 55 14 75 52 71 33 35 60 12 63 44 6 34 29 38 17 11 18 27 8 20 77 7 42 79 37 56 53 51 80 87 99 95 22 13
7 55 75 24 14 52 71 33 35 60 12 63 6 44 34 29 38 17 11 18 8 27 20 77 7 42 79 37 53 51 87 80 99 56 95 22 13
8 75 24 55 14 52 71 33 35 60 12 63 6 29 44 38 34 17 11 18 27 8 20 77 7 42 79 37 87 53 80 51 99 56 95 22 13
9 75 24 55 52 14 71 33 35 60 12 63 29 6 38 44 34 17 11 18 27 8 20 77 7 42 79 87 53 37 51 80 56 99 95 13 22
10 75 24 55 52 14 71 33 35 60 12 29 63 6 44 38 34 17 11 18 27 8 20 77 7 42 79 87 51 53 37 80 99 56 95 13
11 75 24 55 52 14 71 33 35 60 12 63 29 44 6 34 38 17 11 18 27 8 20 7 77 79 42 87 51 53 37 80 99 56 95 13
12 75 24 55 52 14 71 33 35 60 12 63 44 29 6 34 17 38 11 18 27 8 20 7 77 42 79 87 51 53 37 80 99 56 95
13 75 24 55 52 14 71 33 35 60 12 44 63 6 29 17 34 38 11 18 27 8 20 7 77 42 79 51 87 37 53 80 99 56 95
14 75 24 52 55 14 71 33 35 60 44 12 63 6 29 17 34 38 11 18 27 8 20 7 77 42 79 87 51 37 53 80 99 56 95
15 75 24 52 55 14 71 33 35 44 60 12 6 63 29 17 34 38 11 18 8 27 7 20 77 42 79 87 37 51 53 80 56 95 99
16 75 24 52 55 14 71 33 35 44 60 12 63 6 34 17 29 38 11 8 18 7 20 77 42 79 87 37 51 53 80 27 95 56 99
17 75 24 52 55 14 71 33 44 35 12 60 63 34 6 17 29 38 8 11 18 7 20 42 77 79 87 51 37 53 80 95 99 56
18 75 24 52 55 14 71 33 44 12 35 60 34 6 17 29 38 63 8 11 18 7 20 42 77 79 87 37 51 53 80 95 99 56
19 75 24 55 14 52 71 33 44 12 35 60 34 6 17 38 29 63 11 8 18 7 20 42 77 79 87 37 51 53 80 95 99 56
20 75 24 55 14 52 71 33 12 44 35 34 60 17 6 38 63 29 11 8 18 7 20 42 77 79 87 51 37 53 80 95 99 56
21 75 24 55 14 71 33 44 34 17 60 35 38 12 6 63 29 11 8 18 7 20 52 42 77 79 87 51 37 80 53 95 99 56
22 75 14 71 33 44 34 17 60 38 35 6 63 12 29 55 11 8 18 20 52 7 42 77 79 87 51 80 37 53 95 99 56
23 75 14 71 33 44 34 17 38 35 60 12 6 63 29 11 8 55 18 20 52 7 42 77 79 87 51 37 53 95 99 56 80
L
a
p
s
Lapped riderWinner
Misano Adriatico, Sunday, September 02, 2007
These data/results cannot be reproduced, stored and/or transmitted in whole or in part by any manner of electronic, mechanical, photocopying, recording, broadcasting or otherwise now
known or herein after developed without the previous express consent by the copyright owner, except for reproduction in daily press and regular printed publications on sale to the public
within 60 days of the event related to those data/results and always provided that copyright symbol appears together as follows below.
© DORNA, 2007
Official MotoGP Timing by
www.motogp.com
TISSOT
