       Losail Circuit              Computerised results and timing service provided by TISSOT
                                                                                                                                                                      Moto2
                                  COMMERCIALBANK GRAND PRIX OF QATAR
                                  Race
          5380 m.                 Lap Chart                                                                                                                                           19
Pos        1 2 3 4 5 6 7 8 9 10 11 12 13 14 15 16 17 18 19 20 21 22 23 24 25 26 27 28 29 30 31 32 33 34 35 36 37 38 39
Grid      24 60 65 15 72 16 35 6 48 25 40 44 63 2 59 12 45 75 14 77 29 41 17 10 52 3 68 71 53 9 80 55 61 5 21 39 95 96 8


     1    24 16      6 72 48       2 35 44 68 63 77 10 25 75 41 29                     3 40 12       9 14 71 61 17 80 59 21 45 55 95 52                      8    5 96 39 53 88 76
     2    16    6 24 72 48 35           2 44 63 68 75 77 10 41 25                 3    9 29 40 12 14 71 61 80 45 52 17 55 59                        8 21 96 95         5 39 53 88 76
     3    16    6 24 48 72         2 44 63 68 75 77 41              3 10 25       9 12 29 14 71 40 80 52 55 61 17 59 96 21                          8 95 45       5 53 39 88 76
     4    16 24 48        6 72 44       2 75 63 77         3 41 10       9 12 25 14 29 40 71 52 55 17 61 96 59                        8 21 45 95         5 53 39 88 76
     5      6 16 48 24 72 44            2 75     3 77 63       9 12 10 41 25 14 29 40 71 52 17 55 96 61                          8 59 45 21 95           5 53 39 88 76
     6    48    6 24 72 16 44           2 75     3 12 77       9 63 10 25 14 29 40 52 71 41 17 55 96 61                          8 45 59 21 95 53            5 39 88 76
     7    48 24 72        6 16 44       2 75     3 12 77       9 63 10 25 14 29 40 52 71 17 41 55 96 45 59 61                              8 53 21 95        5 39 88 76
     8    48 16 24        6 44     2 75      3 12 77       9 25 10 14 29 63 40 52 17 71 41 45 55 96 61                           8 59 53 95         5 39 88 76
     9    48    6 16 24 44         2 75 12       3 77      9 25 10 14 40 29 63 52 17 71 41 45 55 96 61 59 53 95                                5 39 88 76
    10    48    6 16 24 44         2 12 75       3    9 10 25 77 14 40 29 63 52 17 41 71 45 55 96 61 53 59 95                                  5 39 88 76

L   11    48 24 16        6 44     2 75 12       3 10 25       9 77 40 14 29 52 63 17 41 45 71 55 96 61 53 59 95                               5 39 88 76
a   12    48 24 16        6 44     2 12 75       3 10 25 77 40           9 14 29 63 52 17 41 45 71 55 96 61 53 59 95                           5 39 88 76
p         48 24 16        6 44     2 12 75       3 77 40 10 25           9 29 14 63 52 17 41 71 45 55 96 61 53 59 95 39                             5 88 76
s
    13
    14    48 24 16        6 44 12 75         2   3 77 40 10 25           9 29 14 63 52 17 41 71 55 45 96 53 61 59 95 39 76 88                                5
    15    48 24 16        6 44 12 75         3   2 40 77 10 25           9 29 14 63 17 52 71 41 55 45 96 53 61 59 95 39 76 88                                5
    16    48 16      6 24 44 75 12           3   2 40 10 77 25           9 17 63 14 52 29 55 71 41 45 96 53 61 59 95 39 76 88                                5
    17    48 16      6 24 44 12 75           3   2 40 10 77 25 17 63 14                9 52 29 55 71 41 45 96 53 61 59 95 39 76 88                           5
    18    48 16      6 44 24 12 75           3   2 40 10 25 77 17 63 14 52                  9 29 71 55 41 45 53 96 61 59 39 95 76 88                         5
    19    48    6 16 44 24 12 75             3   2 40 25 10 77 17 63 14 52                  9 29 71 55 41 45 53 96 61 59 39 76 95 88                         5
    20    48    6 16 24 44 75 12             3   2 40 77 25 10 17 52 63 14                  9 29 71 41 55 45 53 96 61 59 39 76 88 95                         5




          Winner                   Lapped rider
These data/results cannot be reproduced, stored and/or transmitted in whole or in part by any manner of electronic, mechanical, photocopying, recording, broadcasting or otherwise now
known or herein after developed without the previous express consent by the copyright owner, except for reproduction in daily press and regular printed publications on sale to the public
within 60 days of the event related to those data/results and always provided that copyright symbol appears together as follows below.
© DORNA, 2010

Official MotoGP Timing byTISSOT
www.motogp.com

Doha, Sunday, April 11, 2010
