IVECO TT ASSEN
Computerised results and timing service provided by
4542 m.
Assen
Moto2
Race
Lap Chart 31
TISSOT
Pos
Grid 40
1
5
2
45
3
80
4
19
5
95
6
54
7
36
8
63
9
77
10
11
11
3
12
23
13
60
14
81
15
15
16
12
17
96
18
4
19
24
20
14
21
88
22
8
23
52
24
18
25
49
26
44
27
17
28
9
29
72
30
7
31
97
32
1 40 45 80 19 77 5 3 36 95 60 54 23 63 15 96 14 12 88 11 4 52 81 18 44 49 8 72 97 17 9 7
2 45 40 19 80 77 5 36 3 95 60 54 63 23 15 96 12 14 11 88 4 81 52 18 44 49 8 72 17 9 97 7
3 45 40 19 77 80 5 36 95 3 60 63 54 15 23 96 12 11 14 4 88 81 52 18 44 49 8 72 17 9 7 97
4 45 40 77 19 80 5 36 95 3 60 63 15 96 54 23 12 11 14 4 88 81 52 18 44 49 8 72 17 9 7 97
5 45 40 77 80 36 19 5 95 60 63 3 15 96 23 54 12 11 14 4 81 88 52 18 44 49 8 72 17 9 7 97
6 45 40 77 80 5 36 19 63 95 60 3 15 96 23 12 11 54 4 81 14 88 52 18 44 49 8 72 17 9 7 97
7 45 40 77 80 5 36 19 95 63 60 15 96 12 23 11 54 4 81 88 14 52 18 49 44 8 72 17 9 7 97
8 77 40 45 80 5 36 19 95 60 63 15 96 12 23 11 54 81 4 88 14 52 49 18 44 8 17 72 9 7 97
9 40 45 77 80 5 36 19 95 60 63 15 96 12 23 11 81 4 88 54 52 14 49 18 44 8 17 72 9 7 97
10 40 45 77 80 5 36 19 95 63 60 12 96 15 23 81 4 11 88 52 54 14 49 18 44 17 8 72 9 7 97
11 40 45 77 80 5 36 19 95 63 60 12 96 23 15 81 4 11 88 52 54 14 49 18 44 17 8 72 9 7 97
12 40 45 77 80 5 36 19 63 95 60 12 96 23 15 81 4 11 88 52 14 54 49 18 44 17 8 72 9 7 97
13 40 45 77 80 5 36 19 63 95 60 12 96 23 81 15 4 11 88 52 54 49 14 18 44 17 8 72 9 7 97
14 40 45 77 80 5 36 19 63 95 60 12 96 23 81 4 15 11 88 54 52 14 18 49 44 17 8 72 9 7 97
15 40 45 77 80 5 36 19 63 95 60 12 96 23 81 4 11 15 88 54 14 49 52 18 44 17 8 72 9 7 97
16 40 45 80 77 5 36 19 63 95 60 12 96 81 23 4 11 15 88 54 14 49 18 52 44 17 8 72 9 7 97
17 40 45 80 5 77 36 19 63 95 12 60 81 96 4 23 11 15 88 54 14 49 18 52 44 17 8 72 9 7 97
18 40 45 80 5 77 36 19 63 95 12 60 81 96 4 23 11 15 88 54 14 18 49 52 44 17 8 72 7 97
19 40 45 80 5 77 36 19 63 95 12 60 81 4 96 23 11 15 88 54 18 14 52 49 44 17 8 72 7 97
20 45 40 80 5 77 36 19 12 95 81 60 4 96 23 11 15 88 54 18 52 14 49 44 17 8 72 7 97
21 45 40 80 5 77 36 19 12 95 81 60 4 96 23 11 15 88 18 54 52 14 49 44 17 8 72 7 97
22 45 40 80 77 5 36 19 12 81 60 95 4 96 23 11 15 88 18 54 52 14 49 44 17 8 72 7 97
23 45 40 80 77 5 36 19 12 81 95 60 4 96 23 11 15 88 18 54 52 14 49 44 17 8 72 7 97
24 40 45 77 36 80 5 19 12 81 95 60 4 96 23 11 15 88 18 54 52 14 49 44 17 8 72 7
L
a
p
s
Lapped riderWinner
Assen, Saturday, June 29, 2013
These data/results cannot be reproduced, stored and/or transmitted in whole or in part by any manner of electronic, mechanical, photocopying, recording, broadcasting or otherwise now
known or herein after developed without the previous express consent by the copyright owner, except for reproduction in daily press and regular printed publications on sale to the public
within 60 days of the event related to those data/results and always provided that copyright symbol appears together as follows below.
© DORNA, 2013
Official MotoGP Timing by
www.motogp.com
TISSOT
