            Assen                  Computerised results and timing service provided by TISSOT
                                                                                                                                                                      Moto3
                                  IVECO TT ASSEN
                                  Race
          4542 m.                 Lap Chart                                                                                                                                           31
Pos        1 2 3 4 5 6 7 8 9 10 11 12 13 14 15 16 17 18 19 20 21 22 23 24 25 26 27 28 29 30 31 32 33 34 35
Grid      44 12 25 39 42 94 31 32 61 23 53 10 89 8 77 11 7 84 4 51 41 5 19 17 65 9 57 29 99 22 3 58 71 66 63


     1    12 42 94 44 39           8 61 25 31 23 32 10 84                7 77 41 51 89 63 17 99 53                 9    5 65 11 19         3   4 57 66 29 22 71
     2    12 44 42 94 39 61 25               8 31 32 10 23 84            7 77 41 51 63 89 17 99 53                 9    5 65 11       3    4 19 57 66 29 22 71
     3    42 39 44 12 25 94 61               8 31 23 10 32 84            7 41 77 63 51 89 17 99 53                 5    3   9 65 11 57 19           4 66 29 22 71
     4    42 39 44 12 25 94             8 61 31 32 10          7 23 84 41 63 77 51 17 89 99                   5 53      3 65 11 19         9   4 57 22 66 29 71
     5    42 39 12 44 25 94             8 61 31 10 32          7 84 23 41 17 77 63 99 89 51                   3    5 53 65 19 11           9   4 57 22 66 29 71
     6    42 39 12 25 44 94             8 61 31 10         7 32 84 23 41 17 77 99 63 51 89                    5 53      3 11 19 65         9   4 57 22 66 29 71
     7    42 39 12 44 25 94             8 61 31       7 32 10 84 23 41 17 63 77 99 51 89 53                        5    3 11 65 19         9   4 57 22 66 29 71
     8    42 39 12 44 25 94             8 61 31       7 32 10 23 63 17 41 84 51 77 99 89                      5 53 11       3 65 19        4   9 57 22 66 29 71
     9    42 39 25 12 44 94             8 61 31 10 32 23            7 41 17 63 51 89 84 77 99                 5 53 65       3 19 11        4   9 57 22 66 29 71
    10    42 39 25 12 44 94             8 61 31 10 32          7 41 23 63 51 17 89 84 77                  5 53 65       3   4 11 19        9 57 22 66 29 71

L   11    42 39 25 12 44 94             8 61 10 32 31          7 41 23 63 51 17 89 84 77                  5 53 65       4   3 11 19        9 57 22 66 29 71
a   12    42 39 25 12 44 94             8 61 32 10 31          7 41 23 51 17 63 89 84 77                  5 53 65       4 19 11       3    9 57 22 66 29 71
p         42 39 12 25 44 94             8 61 32 10         7 31 41 23 17 51 63 89 84                 5 77 53 65 19          3    4 11      9 57 22 66 29 71
s
    13
    14    42 12 39 25 44 94             8 61     7 32 31 41 10 23 17 51 63 89 84                     5 77 53 65 19          3    4 11      9 57 22 66 29 71
    15    42 12 25 39 44 94             8 61 32       7 31 10 41 23 17 51 63 89 84                   5 77 53 65         3 19 11       9    4 57 22 29 66 71
    16    42 25 12 39 44 94             8 61 32       7 31 10 41 17 23 51 89 84 63                   5 77 53 65 19          3 11      9    4 57 22 29 66 71
    17    25 42 12 39 44 94             8 61 10       7 32 17 41 31 23 51 89 84 63                   5 77 53 65 19          3 11      9    4 57 22 29 66 71
    18    25 42 12 39 44 94             8 61 31       7 32 41 17 23 10 89 84 51 63                   5 77 53 65 19          3 11      4    9 57 22 29 66
    19    25 12 42 39 44 94             8 61 41 10 31          7 17 32       5 23 63 89 84 51 77 19 65                  3 11     4    9 57 22 29 66
    20    25 39 12 42 44 94             8 61     7 10 17 41 31           5 32 23 63 89 84 51 77 65 19 11                    4    3    9 57 22 66 29
    21    39 25 12 44 42 94             8 61 10       7 31 32 23         5 41 63 17 84 89 51 77 11                 4 65 19       9    3 57 22 66 29
    22    39 25 42 44 12 94             8 61 10 31 32          7 23      5 41 84 63 89 51 77 17 65 11                   9 19     4    3 57 22 66 29




          Winner                   Lapped rider
These data/results cannot be reproduced, stored and/or transmitted in whole or in part by any manner of electronic, mechanical, photocopying, recording, broadcasting or otherwise now
known or herein after developed without the previous express consent by the copyright owner, except for reproduction in daily press and regular printed publications on sale to the public
within 60 days of the event related to those data/results and always provided that copyright symbol appears together as follows below.
© DORNA, 2013

Official MotoGP Timing byTISSOT
www.motogp.com

Assen, Saturday, June 29, 2013
