GRANDE PREMIO MARLBORO DE PORTUGAL
Computerised results and timing service
4182 m.
Estoril
250cc
Race
Lap Chart
22
Pos
Grid 26
1
19
2
24
3
7
4
51
5
10
6
6
7
54
8
73
9
21
10
14
11
25
12
8
13
2
14
50
15
57
16
28
17
11
18
33
19
9
20
96
21
36
22
16
23
44
24
12
25
42
26
34
27
17
28
43
29
88
30
1 19 26 24 10 7 6 54 73 2 14 51 34 21 33 11 50 96 44 57 8 28 16 9 25 12 17 36 42 43
2 19 24 7 26 10 6 51 73 54 14 2 34 21 33 11 50 96 57 44 28 25 9 16 36 17 42 43 8
3 19 24 7 26 10 51 6 73 14 54 2 34 21 33 11 50 57 96 44 28 25 9 36 16 17 42 43
4 19 24 7 26 10 51 6 14 54 2 21 33 34 11 50 73 57 96 44 28 36 9 16 17 42 43
5 19 24 7 26 51 10 6 14 54 2 21 33 34 11 73 50 57 96 44 28 9 36 16 17 42 43
6 19 24 7 26 51 14 6 10 54 2 21 33 73 34 11 50 57 96 44 28 36 9 16 17 42 43
7 19 24 7 26 51 14 6 54 10 2 21 33 73 34 11 57 50 44 96 28 9 36 16 17 42 43
8 19 24 7 26 51 14 6 54 10 2 21 33 73 34 11 57 50 96 44 28 9 36 16 17 42 43
9 19 24 7 26 51 14 6 54 10 2 21 33 73 11 34 57 96 50 28 44 9 36 16 17 42 43
10 24 19 7 26 51 14 6 54 10 2 21 33 73 11 57 34 96 28 44 50 9 36 16 17 42 43
11 24 19 7 26 51 14 6 54 10 2 33 21 73 11 57 96 34 28 44 50 9 36 16 17 43 42
12 24 19 7 26 51 14 6 54 10 2 33 21 73 57 11 96 28 34 44 50 9 36 16 17 43 42
13 24 19 7 26 51 14 6 54 2 10 33 21 73 11 57 28 96 44 34 50 9 36 16 17 43 42
14 24 19 7 26 51 14 6 54 2 10 33 73 21 57 28 11 96 34 44 50 9 16 36 17 43 42
15 24 19 7 26 51 14 6 54 2 10 73 33 21 57 28 96 34 11 44 50 9 16 36 17 43 42
16 24 19 7 26 51 14 54 6 73 2 10 33 21 28 57 96 34 44 11 50 9 16 36 17 42 43
17 24 19 7 26 51 14 54 6 73 2 10 33 21 28 34 57 96 44 11 50 9 16 36 17 42 43
18 19 24 7 26 51 14 54 6 73 2 10 33 21 28 34 96 57 44 11 50 9 16 36 17 43 42
19 19 24 7 26 51 14 54 6 73 2 10 33 21 28 96 57 34 44 50 11 9 16 36 17 43 42
20 19 24 7 26 51 14 54 6 73 2 10 33 21 28 96 34 57 44 50 11 9 16 36 17 42 43
21 24 19 7 26 51 14 54 6 73 2 10 33 21 28 96 34 57 44 50 11 9 16 36 17 42 43
22 24 19 7 26 51 14 54 6 73 2 33 21 28 96 34 57 44 50 11 9 16 36 17 42 43
23 24 19 7 26 51 14 54 6 73 2 33 21 96 28 34 57 44 50 11 9 16 36 17 42 43
24 24 19 7 26 51 14 54 6 73 2 33 21 28 96 34 57 44 11 9 16 36 50 17 42
25 24 19 7 26 51 14 54 6 73 2 33 21 28 96 34 57 44 11 9 16 36 42 17
26 24 19 7 26 51 14 54 6 73 2 33 21 34 96 28 57 44 11 9 16 36
L
a
p
s
Lapped riderWinner
Estoril, Sunday, September 05, 2004
These data/results cannot be reproduced, stored and/or transmitted in whole or in part by any manner of electronic, mechanical, photocopying, recording, broadcasting or otherwise now
known or herein after developed without the previous express consent by the copyright owner, except for reproduction in daily press and regular printed publications on sale to the public
within 60 days of the event related to those data/results and always provided that copyright symbol appears together as follows below.
© DORNA, 2004
Official information of MotoGP
www.motogp.com
