       Phillip Island              Computerised results and timing service provided by TISSOT
                                                                                                                                                                      Moto2
                                  IVECO AUSTRALIAN GRAND PRIX
                                  Race
          4448 m.                 Lap Chart                                                                                                                                           19
Pos        1 2 3 4 5 6 7 8 9 10 11 12 13 14 15 16 17 18 19 20 21 22 23 24 25 26 27 28 29 30 31 32 33 34 35 36 37 38 39
Grid      15 63 72 45 54 44 38 65 12 75 76 51 77 18 36 29 34 13 35 71 16 3 19 40 80 9 88 53 68 6 20 43 4 64 56 39 95 93 14


     1    45 44 15 63 38 54 65 72 12 71 77 51 36 29 76 93                              3 88 19 35 40          9 53 80       4 43      6 64 56 39 20 95 68 16
     2    45 44 38 63 65 15 54 72 12 71 77 29 51 93                          3 36 88 40 19 35             9 80 53       4   6 20 43 56 64 39 95 68 16
     3    44 45 65 38 63 15 54 12 71 29 72 93 77                         3 36 51 88 40 19 35              9 80 53       4   6 20 43 56 39 64 95 68 16
     4    45 65 15 63 38 44 54 71 12 93 29 72 77 36                          3 51 88 40 35 80             4 53     6 20 43 19 56 39 64              9 68 95 16
     5    65 15 63 45 38 71 54 12 44 93 29 77 36 72                          3 51 88 40 80 35             4 53     6 20 19 43 56 64 39              9 68 95 16
     6    65 15 63 45 71 38 12 44 93 54 29 36 72                         3 77 88 51 40 80            4 35 53       6 20 43 64         9 56 39 19 68 95 16
     7    65 15 63 38 45 71 12 44 93 29 54 72 36                         3 77 51 88 40 80            4 35 53       6 20 64 43         9 56 19 39 68 95 16
     8    65 15 63 71 45 12 93 44 29 54 36 72                       3 77 51 88 40 80            4 35      6 53     9 64 43 19 56 38 20 39 68 16 95
     9    65 15 71 63 12 45 93 44 29 54 72 36                       3 77 51 88 40 80            4 35      6 53     9 64 19 38 43 56 20 39 68 16 95
    10    65 15 71 45 44 93 12 29 63 54 72 36                       3 77 51 88 40 80            4 35      6 53     9 38 19 43 20 56 68 39 64 16 95

L   11    15 65 71 44 93 29 12 45 63 54 72 36                       3 77 51 88 40 80            4 35      6 53 38 19        9 20 43 56 68 39 64 16 95
a   12    65 15 71 93 44 29 12 45 63 54 72 36                       3 77 51 88 40 80            4 35      6 38 53 19        9 20 56 43 68 39 64 16 95
p         65 15 71 93 29 44 12 45 63 54 72 36                       3 77 51 88 40 80            4 35      6 38 53       9 20 56 68 43 39 64 95
s
    13
    14    65 15 71 93 29 44 12 45 63 54 72 36                       3 77 51 40 88 80            4 35      6 38     9 53 68 20 43 56 39 64 95
    15    65 15 71 93 29 44 12 45 63 54 72 36                       3 77 40 88 51 80 35              4 38     6    9 53 68 20 56 39 64 95
    16    65 15 71 93 29 12 44 45 63 54 72 77 36                         3 40 51 88 80 35            4 38     6    9 53 68 20 56 39 64 95
    17    65 15 93 71 29 45 44 63 54 72 77 36 12                         3 40 51 88 80 35            4 38     6    9 68 20 56 64 39 95 53
    18    65 15 93 71 45 44 29 63 54 72 77 12                       3 36 40 51 88 80 35              4 38     6    9 68 20 56 64 39 95 53
    19    65 15 93 71 44 45 63 29 54 72 12 77                       3 36 40 51 88 80            4 35 38       6    9 68 20 56 64 39 95 53
    20    65 15 93 71 45 44 63 54 29 72 12 77 36                         3 40 51 88 80 38            4 35     6    9 68 20 56 64 39 95
    21    65 15 93 71 45 54 44 63 29 72 12 77 36                         3 40 51 88 80 38            4 35     6    9 68 20 56 64 95
    22    65 15 93 71 45 44 54 63 29 72 12 77 36                         3 40 51 88 38 80            4 35     6    9 68 20 56 64 95
    23    65 15 93 71 44 45 54 63 29 72 12 77 36                         3 40 51 88 38 80            4 35     6    9 68 20 56 64 95
    24    65 15 93 71 44 54 45 63 29 72 12 77 40 36 51                            3 88 38 80         4 35     6    9 68 20 64 56 95
    25    15 65 93 71 44 54 45 29 63 72 12 77 40 51                          3 36 88 38 80 35             4   9    6 68




          Winner                   Lapped rider
These data/results cannot be reproduced, stored and/or transmitted in whole or in part by any manner of electronic, mechanical, photocopying, recording, broadcasting or otherwise now
known or herein after developed without the previous express consent by the copyright owner, except for reproduction in daily press and regular printed publications on sale to the public
within 60 days of the event related to those data/results and always provided that copyright symbol appears together as follows below.
© DORNA, 2011

Official MotoGP Timing byTISSOT
www.motogp.com

Phillip Island, Sunday, October 16, 2011
