GAULOISES GRAND PRIX CESKE REPUBLIKY
Computerised results and timing service provided by TISSOT
5403 m.
Automotodrom Brno
125cc
Race
Lap Chart 22
Pos
Grid 36
1
19
2
52
3
55
4
75
5
18
6
33
7
60
8
14
9
32
10
6
11
22
12
35
13
17
14
1
15
11
16
15
17
44
18
8
19
71
20
45
21
34
22
43
23
9
24
63
25
24
26
7
27
10
28
38
29
42
30
20
31
21
32
81
33
12
34
69
35
16
36
37
37
26
38
78
39
13
40
1 19 52 75 36 14 55 33 32 18 1 60 22 6 17 11 63 24 71 43 8 10 35 15 7 34 45 20 9 44 21 37 42 12 78 16 53 69 70 68 13
2 19 75 36 52 14 55 33 32 18 22 60 1 6 11 17 63 71 24 35 43 8 10 34 7 44 15 45 9 20 21 12 42 37 78 16 53 69 68 70 13
3 75 19 52 36 14 55 33 32 18 22 6 1 60 17 11 35 63 43 71 8 24 10 15 7 34 9 45 21 12 42 20 37 78 16 53 13 69 70 68 81
4 19 75 52 36 14 55 33 18 32 22 6 1 17 35 11 63 8 43 71 24 10 34 15 9 12 7 45 21 42 37 16 78 20 53 13 69 70 68 81 56
5 75 36 19 52 14 33 55 18 22 32 6 1 35 11 17 63 43 8 71 24 10 12 15 9 42 7 34 21 45 78 37 16 20 53 13 69 68 70 81 56
6 75 19 36 52 14 33 55 18 22 32 6 1 35 11 17 63 43 71 24 10 12 9 15 34 42 21 7 45 78 37 16 20 53 13 69 68 70 81 56
7 19 75 36 52 14 33 18 22 55 1 6 32 35 17 11 63 43 71 24 10 12 9 15 34 21 45 7 78 20 37 16 53 13 68 69 70 81 56 8
8 19 75 36 52 14 33 18 55 22 1 6 32 17 35 11 63 43 24 10 71 12 9 15 34 21 45 7 78 20 16 37 53 13 68 69 81 70 56
9 19 75 36 52 14 55 33 18 22 1 6 32 35 11 17 63 43 24 10 71 12 9 15 34 21 45 7 78 20 16 37 53 13 68 81 69 70 56
10 19 75 36 52 14 33 55 18 22 1 6 32 35 17 11 63 43 24 71 10 12 9 15 21 34 7 45 78 16 20 37 53 13 68 81 69 70 56
11 19 36 52 75 14 33 55 18 1 22 6 32 17 35 63 11 43 24 71 10 12 9 15 21 45 7 78 20 16 37 13 53 81 68 69 70 56
12 19 36 52 75 14 33 55 18 1 22 6 32 35 17 11 63 43 24 71 10 12 9 15 21 45 7 20 78 16 37 53 13 81 68 69 70 56
13 19 36 52 14 75 33 55 1 22 18 6 32 17 11 35 63 43 24 71 10 12 9 15 45 21 7 20 16 37 78 53 13 81 68 69 70 56
14 19 36 52 14 75 33 55 1 6 22 18 32 17 11 63 43 24 71 10 12 9 15 45 21 7 20 16 78 37 53 13 81 68 69 70 56
15 19 36 52 14 75 33 55 1 6 22 18 32 11 17 63 43 24 10 71 12 9 15 45 21 7 20 78 37 16 53 13 81 68 69 70 56
16 19 36 52 75 14 33 55 1 6 22 18 32 11 17 63 43 24 71 10 9 12 15 45 7 21 20 78 37 16 13 53 81 68 69 70 56
17 19 36 52 14 75 33 55 1 6 22 18 32 11 63 17 43 24 71 10 12 9 15 45 21 7 20 37 78 16 81 13 53 68 69 70 56
18 19 36 14 52 75 55 33 1 6 18 22 32 63 11 17 43 24 71 10 9 15 12 45 7 21 20 78 37 16 81 13 53 68 69 70 56
19 19 36 14 33 1 75 18 6 22 32 11 17 63 43 24 71 10 9 15 45 21 20 7 78 37 16 81 13 53 68 69 70
L
a
p
s
Lapped riderWinner
Brno, Sunday, August 20, 2006
These data/results cannot be reproduced, stored and/or transmitted in whole or in part by any manner of electronic, mechanical, photocopying, recording, broadcasting or otherwise now known or
herein after developed without the previous express consent by the copyright owner, except for reproduction in daily press and regular printed publications on sale to the public within 60 days of the event
related to those data/results and always provided that copyright symbol appears together as follows below.
© DORNA, 2006
Official MotoGP Timing by TISSOT
www.motogp.com
