CAMEL GRAND PRIX OF JAPAN
Computerised results and timing service
4801 m.
Motegi
250cc
Race
Lap Chart
22
Pos
Grid 26
1
73
2
7
3
24
4
19
5
55
6
51
7
14
8
21
9
54
10
10
11
2
12
76
13
6
14
78
15
8
16
70
17
33
18
57
19
36
20
96
21
34
22
28
23
50
24
9
25
11
26
12
27
79
28
16
29
44
30
25
31
43
32
17
33
88
34
1 24 7 26 73 14 55 2 19 51 21 6 54 33 76 70 78 9 8 57 50 12 11 44 28 25 10 17 79 36 16 43 96
2 24 26 7 73 14 55 51 2 19 21 6 76 54 33 70 78 9 8 57 50 44 11 28 25 79 16 17 43 36 10 96
3 24 26 7 73 14 55 51 19 2 21 76 6 54 33 70 78 8 9 57 50 44 11 28 25 79 16 36 10 43 17 96
4 26 24 7 73 55 14 51 19 2 76 21 6 54 33 78 70 8 9 57 50 44 11 28 25 79 16 10 36 96 43 17
5 26 24 7 73 55 14 51 19 2 76 21 6 54 33 78 70 8 57 9 50 44 11 28 79 25 16 10 96 36 43 17
6 26 24 7 73 55 14 51 19 2 76 21 6 54 33 78 70 8 57 9 50 44 11 28 79 25 16 10 36 43 17
7 26 24 73 7 55 14 19 51 2 76 21 6 54 78 33 8 70 57 9 50 44 11 28 79 10 16 36 43 17
8 26 24 73 7 55 19 14 51 76 2 21 6 78 54 8 33 70 57 9 50 44 11 28 79 10 16 36 43 17
9 26 24 73 55 19 14 51 76 2 21 6 78 54 33 70 8 9 57 7 50 44 11 28 79 10 16 36 17 43
10 26 24 73 55 19 14 51 76 2 6 21 78 54 33 70 8 9 57 7 50 44 79 10 16 11 36 17 28 43
11 24 26 73 55 19 14 51 76 2 6 21 78 33 70 9 8 57 7 54 50 44 79 10 16 11 36 28 17 43
12 24 26 73 55 19 14 51 76 2 6 21 78 33 70 8 9 57 7 54 44 50 79 16 11 36 28 17 43
13 24 26 73 55 19 14 51 76 2 6 21 78 33 8 70 9 57 7 54 44 50 79 11 36 28 17 43
14 24 26 73 19 55 14 51 76 2 6 21 78 8 9 7 70 33 57 54 44 50 79 11 36 28 17
15 24 26 73 19 55 51 76 2 6 21 78 7 8 9 33 70 57 54 44 50 79 11 36 28 14 17
16 24 26 73 19 55 51 2 76 6 21 78 7 8 9 33 70 57 54 44 50 79 11 36 28 17 14
17 26 24 73 19 55 51 2 76 6 21 78 7 8 9 33 57 70 54 44 50 79 11 36 28 14 17
18 26 24 73 19 55 51 2 76 6 21 78 7 8 9 33 57 70 54 44 50 79 11 36 28 14
19 26 24 73 19 55 51 2 76 6 21 78 7 8 9 33 57 70 54 44 50 79 11 36 28
20 26 24 73 19 55 51 2 76 6 21 7 78 8 9 33 57 70 54 44 50 79 11 36 28
21 26 24 73 19 55 51 2 76 6 21 7 78 8 9 33 70 54 44 50 79 11 36 28
22 26 24 73 19 55 51 2 76 6 21 7 78 8 9 33 70 54 44 50 79 11 36 28
23 26 24 73 19 55 51 2 76 21 6 7 78 8 9 33 70 54 44 50 79 28 36
L
a
p
s
Lapped riderWinner
Motegi, Sunday, September 19, 2004
These data/results cannot be reproduced, stored and/or transmitted in whole or in part by any manner of electronic, mechanical, photocopying, recording, broadcasting or otherwise now
known or herein after developed without the previous express consent by the copyright owner, except for reproduction in daily press and regular printed publications on sale to the public
within 60 days of the event related to those data/results and always provided that copyright symbol appears together as follows below.
© DORNA, 2004
Official information of MotoGP
www.motogp.com
