       Estoril Circuit             Computerised results and timing service provided by TISSOT
                                                                                                                                                                      Moto2
                                  GRANDE PREMIO DE PORTUGAL CIRCUITO ESTORIL
                                  Race
          4182 m.                 Lap Chart                                                                                                                                           19
Pos        1 2 3 4 5 6 7 8 9 10 11 12 13 14 15 16 17 18 19 20 21 22 23 24 25 26 27 28 29 30 31 32
Grid      93 12 45 5 40 29 60 24 15 77 30 88 38 63 18 80 36 3 4 72 71 19 49 44 8 95 76 14 7 47 82 10


     1    93 12 40 77          5 45 29 38 24 15 36 60               3 72 63 19         4 80 88 95 30 18 49              8 71 47 14 76 44            7 10 82
     2    12 93 40        5 45 29 77 24 38 15 36               3 60 63 19 80 72 95              4 88 30 18 49           8 47 71 76 44 14            7 82 10
     3    12 93 40        5 29 45 77 24          3 36 15 38 60 80 63 19 72 95 88                     4 30 49 71         8 47 18 76 44 14            7 82 10
     4    12 93 40        5 29 45 77 24 36            3 15 38 60 80 19 63 72 95 88                   4 30 71 49         8 47 18 76 44 14            7 82 10
     5    12 93      5 29 40 45 24           3 36 77 15 38 60 80 19 63 95 72 88 71 49                         8 18 47 76 44 30 14              4    7 82 10
     6    12 93      5 40 29 45 24           3 36 15 80 60 38 77 19 63 95 88 71 49 18 47 76 30 44 14                                  4    8   7 82 10
     7    12 93      5 29 40 45 24           3 36 15 80 60 38 77 19 95 88 63 71 18 49 76 47 30 44 14                                  4    7 82 10       8

     8    12 93      5 40 29 45 24           3 36 15 80 60 38 77 19 95 71 88 63 18 49 30 76 47 44 14                                  4    7 82 10       8

     9    12    5 93 40 29 45 24             3 36 80 15 60 38 77 19 95 71 88 63 18 49 30 76 47 44 14                                  4    7 82 10       8

    10    12 40 93        5 29 45 24         3 36 80 60 15 38 77 19 71 95 88 18 63 49 30 76 44 47                                4 14      7 82 10       8

L   11    12 40 93        5 45 24 29         3 80 60 36 15 38 77 19 71 95 18 88 63 30 76 44 47                               4 14     7 82 10 49         8
a   12    12 40 93        5 45 24 29         3 80 60 36 15 38 77 19 71 18 88 63 95 30 76                           4 44 47 14         7 82 10       8
p         12 40 93        5 29 45 24 80          3 60 15 36 38 77 19 71 18 88 63 95 30 76                          4 44 47 14         7 82 10
s
    13                                                                                                                                              8

    14    12 40 93        5 29 24 80 45          3 60 15 36 38 77 19 18 71 63 88 95 30 76                          4 44 47 14         7 82 10       8

    15    12 93 40        5 29 80 24         3 60 15 45 36 38 77 19 18 71 63 88 95 30 76                           4 44 47 14         7 82 10       8

    16    12 93 40        5 29 80 24 60 15 36 45 38                 3 77 19 18 71 63 88 95 30                 4 76 44 47 14           7 82 10       8

    17    12 93 40        5 29 80 60 24 15 36              3 45 38 77 19 18 71 63 88 95 30                    4 76 44 47 14           7 82 10       8

    18    12 93 40        5 29 80 60 24 15 36              3 38 45 19 77 18 71 63 88 95                   4 76 44 30 47 14            7 82 10       8

    19    12 93 40        5 29 80 60 24 15 36              3 38 45 19 77 18 71 63 88 95                   4 76 30 44 47 14            7 82 10       8

    20    93 40 12        5 29 60 24 15 36 38 45 19 77 18 71 63 88 95                           4 76 30 44 47 14 80              7 82 10        8

    21    93 40 12        5 29 60 24 15 36 38 45 77 19 71 18 88 95                          4 76 30 44 47 14 80              7 82 10       8

    22    93 40 12        5 29 60 24 15 36 38 45 77 71 19 18 88 95                          4 76 30 47 14 44 80              7 82 10       8

    23    93 40 12        5 29 60 24 15 36 38 45 77 19 71 18 88 95                          4 76 30 47 14 44 80              7 82 10       8

    24    93 40 12        5 29 60 15 24 36 38 45 77 19 71 18 88 95                          4 76 30 47 44 14 80              7 82 10       8

    25    93 40 12        5 29 60 15 36 24 38 45 77 19 71 18 88 95                          4 30 76 44 47 14 80              7 82 10       8

    26    93 40 12        5 29 15 24 60 36 38 45 77 19 71 88 18 95 30                           4 76 44 47 14 80             7 82




          Winner                   Lapped rider
These data/results cannot be reproduced, stored and/or transmitted in whole or in part by any manner of electronic, mechanical, photocopying, recording, broadcasting or otherwise now
known or herein after developed without the previous express consent by the copyright owner, except for reproduction in daily press and regular printed publications on sale to the public
within 60 days of the event related to those data/results and always provided that copyright symbol appears together as follows below.
© DORNA, 2012

Official MotoGP Timing byTISSOT
www.motogp.com

Estoril, Sunday, May 06, 2012
