CARDION AB GRAND PRIX CESKÉ REPUBLIKY
Computerised results and timing service provided by
5403 m.
Automotodrom Brno
125cc
Race
Lap Chart 19
TISSOT
Pos
Grid 18
1
5
2
11
3
55
4
7
5
52
6
23
7
25
8
15
9
33
10
10
11
26
12
31
13
63
14
53
15
44
16
3
17
96
18
84
19
50
20
99
21
77
22
43
23
19
24
41
25
95
26
36
27
30
28
17
29
21
30
60
31
24
32
56
33
39
34
83
35
1 18 5 55 11 33 23 25 7 52 15 44 84 63 26 99 77 50 21 17 3 41 30 19 60 95 53 56 43 96 24 36 10
2 5 18 11 55 33 23 25 7 44 15 84 63 77 99 21 50 3 41 53 19 17 30 60 43 96 36 56 24 95 10
3 18 5 11 55 33 25 23 7 44 15 84 63 77 99 21 50 3 53 41 19 96 17 30 60 43 36 95 24 56
4 5 18 11 55 33 25 23 44 7 84 15 63 77 99 21 50 53 3 41 96 19 17 43 30 60 95 36 24 56
5 18 5 11 25 33 55 23 44 7 84 15 77 99 63 21 50 53 3 96 41 19 17 95 43 60 30 36 24 56
6 18 5 11 25 33 55 23 7 44 84 15 99 77 63 21 50 53 3 96 41 19 95 17 43 60 30 36 24 56
7 18 5 11 25 55 23 33 7 44 84 15 99 77 63 21 53 50 3 96 41 19 95 17 43 60 30 36 56 24
8 18 5 11 25 55 23 33 44 7 84 15 77 99 53 63 21 50 3 96 41 19 95 43 17 30 60 36 56 24
9 5 11 25 55 33 23 44 7 84 15 53 99 21 77 63 50 3 96 95 41 19 43 17 30 60 36 24 56
10 5 11 25 55 33 44 23 7 84 15 53 99 21 63 77 50 3 96 95 41 19 43 17 30 60 36 24 56
11 5 11 55 25 33 23 44 7 84 15 53 99 21 63 77 50 3 96 95 19 41 43 17 36 30 60 24 56
12 5 11 55 33 25 23 44 7 84 15 53 99 21 63 77 3 50 96 95 19 41 43 17 36 30 60 24 56
13 5 11 55 33 25 23 44 7 84 15 53 99 21 63 77 3 50 96 41 95 19 43 17 36 30 60 24 56
14 5 11 55 33 25 23 44 84 15 53 99 21 63 77 3 50 96 41 43 95 19 17 36 30 60 24 56
15 5 11 33 25 55 23 44 84 15 53 99 63 21 3 77 50 96 95 43 19 41 17 36 30 60 24 56
16 5 11 25 55 23 33 44 84 15 53 63 21 3 99 77 96 50 95 19 41 43 17 36 30 60 24 56
17 5 11 33 55 23 44 25 84 15 63 53 21 99 3 77 96 50 41 19 95 43 17 36 30 24 56
18 11 5 23 33 55 44 25 84 15 53 63 21 3 99 77 96 50 95 19 41 43 17 36 30 24 56
19 11 5 23 55 33 25 84 15 63 53 3 99 21 77 96 50 95 41 19 43 17 36 44 30 24 56
L
a
p
s
Lapped riderWinner
Brno, Sunday, August 14, 2011
These data/results cannot be reproduced, stored and/or transmitted in whole or in part by any manner of electronic, mechanical, photocopying, recording, broadcasting or otherwise now
known or herein after developed without the previous express consent by the copyright owner, except for reproduction in daily press and regular printed publications on sale to the public
within 60 days of the event related to those data/results and always provided that copyright symbol appears together as follows below.
© DORNA, 2011
Official MotoGP Timing by
www.motogp.com
TISSOT
