TISSOT AUSTRALIAN GRAND PRIX
Results and timing service provided by
4448 m.
Phillip Island
Moto2
Race
Lap Chart 31
Pos
Grid 53
1
5
2
36
3
40
4
12
5
11
6
22
7
81
8
19
9
23
10
88
11
21
12
54
13
94
14
4
15
77
16
55
17
7
18
30
19
96
20
14
21
39
22
18
23
20
24
95
25
60
26
8
27
10
28
71
29
41
30
97
31
42
32
1 36 40 5 22 12 53 23 88 81 11 19 94 54 77 55 30 21 7 96 4 95 60 14 20 39 71 18 8 97 41 10 42
2 36 22 40 12 5 53 23 88 81 54 77 94 11 19 21 55 96 30 7 95 60 4 39 14 20 18 41 71 97 8 10 42
3 36 22 12 40 53 5 23 54 88 81 77 94 11 19 21 7 96 55 30 95 60 4 39 14 18 20 71 41 97 8 10 42
4 36 40 53 12 22 5 23 88 81 11 94 21 77 19 96 7 55 95 60 30 4 39 18 14 20 71 41 97 8 10 54 42
5 36 53 40 22 12 5 23 88 11 81 21 94 77 19 96 7 95 30 55 60 4 39 18 14 20 71 97 8 41 54 42
6 36 53 40 22 12 5 23 88 81 21 11 96 19 77 94 7 30 95 60 55 4 39 18 14 20 71 97 8 41 54 42
7 36 53 40 22 12 5 23 21 11 81 96 19 88 77 94 7 30 95 60 55 4 18 39 14 20 71 8 97 41 54 42
8 36 53 40 22 12 5 23 11 81 21 96 19 77 94 88 7 30 95 4 60 55 18 39 14 20 71 8 97 41 54 42
9 53 36 40 22 12 23 5 11 81 21 19 77 96 94 7 88 30 55 4 60 18 39 14 20 71 8 97 41 54 95 42
10 53 40 36 22 12 5 23 11 81 19 21 77 96 94 7 30 88 55 4 60 18 39 14 20 71 8 97 41 54 95 42
11 40 36 12 22 53 5 23 11 81 19 21 77 94 96 30 7 88 18 55 4 39 60 14 20 71 97 54 8 41 95 42
12 40 36 12 22 53 5 23 11 19 81 21 77 94 96 30 7 88 18 4 14 60 55 39 54 20 71 97 8 41 95 42
13 12 40 36 53 22 5 23 11 21 81 19 94 77 30 7 96 88 18 4 39 60 55 54 20 71 97 41 8 95 42
14 40 12 53 36 22 5 23 11 21 81 19 94 77 30 7 96 88 18 4 39 60 55 54 20 97 71 41 8 95 42
15 12 53 40 36 22 5 23 11 21 81 19 77 30 94 96 7 88 18 39 4 60 55 54 20 97 71 41 8 95 42
16 53 36 40 12 22 23 5 11 21 19 81 77 30 94 96 7 88 18 39 4 60 54 20 41 95 97 71 8 42
17 36 40 53 12 22 5 11 23 19 81 21 30 77 96 94 7 88 18 39 4 60 54 95 20 71 97 8 41 42
18 40 53 12 22 36 11 23 19 81 77 21 30 96 94 7 88 18 39 4 60 54 95 71 20 97 8 41 42
19 40 53 22 12 36 11 23 19 81 77 21 96 30 94 7 88 18 39 4 60 95 71 8 97 20 41 42
20 40 53 12 22 36 11 23 19 81 96 77 21 30 94 7 88 18 39 60 4 95 71 97 8 20 41 42
21 40 53 12 36 22 11 23 19 81 96 77 21 30 94 7 88 39 18 60 4 95 97 71 8 20 41 42
22 40 53 12 36 22 11 23 19 81 77 96 30 21 94 7 88 39 18 4 60 95 97 8 71 20 41 42
23 40 53 12 36 22 11 23 81 19 77 96 21 30 94 7 88 39 18 4 60 95 97 8 71 20 41 42
24 40 53 12 36 22 11 23 81 19 77 30 96 21 94 7 88 39 18 4 60 95 8 71 97 20 41 42
25 40 12 53 36 22 11 23 77 19 81 30 96 21 7 94 88 39 18 4 60 8 95 97 71 20 41
L
a
p
s
Lapped riderWinner
Phillip Island, Sunday, October 19, 2014
These data/results cannot be reproduced, stored and/or transmitted in whole or in part by any manner of electronic, mechanical, photocopying, recording, broadcasting or otherwise now
known or herein after developed without the previous express consent by the copyright owner, except for reproduction in daily press and regular printed publications on sale to the public
within 60 days of the event related to those data/results and always provided that copyright symbol appears together as follows below.
© DORNA, 2014
Official MotoGP Timing by
www.motogp.com
TISSOT
