RED BULL GRAND PRIX OF THE AMERICAS
Results and timing service provided by
5513 m.
Circuit Of The Americas
Moto3
Race
Lap Chart 31
Pos
Grid 8
1
7
2
42
3
12
4
23
5
84
6
10
7
5
8
32
9
41
10
19
11
31
12
58
13
21
14
17
15
52
16
98
17
44
18
57
19
63
20
33
21
65
22
55
23
11
24
9
25
61
26
43
27
51
28
3
29
38
30
22
31
95
32
4
33
1 8 7 84 12 42 32 23 5 21 10 58 98 41 52 17 31 11 33 65 9 38 19 63 57 43 22 4 51 44 95 55
2 8 7 12 42 32 84 23 5 21 10 98 58 41 52 17 31 11 33 65 38 9 19 43 63 57 22 44 4 95 51 55
3 8 7 12 42 84 32 23 5 10 21 98 58 52 41 17 31 11 33 65 19 43 63 57 44 9 22 95 4 51 38 55
4 8 7 12 42 84 5 23 32 10 21 58 98 17 52 41 31 11 33 19 65 44 63 57 22 9 95 4 51 43 38 55
5 8 7 12 42 5 84 23 32 10 21 58 17 98 52 41 31 11 33 19 63 44 65 57 9 22 95 4 51 43 38 55
6 8 7 12 42 5 84 32 23 10 21 58 17 98 52 41 31 33 11 19 44 63 57 65 9 22 95 4 43 38 55 51
7 8 12 7 42 5 84 23 10 21 58 52 17 98 31 33 11 19 44 63 57 9 65 22 95 4 43 41 38 55 51
8 8 7 12 42 5 84 21 10 58 98 17 52 31 33 11 19 44 63 57 9 65 22 95 4 43 38 55 51
9 8 12 7 5 42 84 10 21 58 98 17 52 31 33 11 19 44 63 57 65 9 22 95 4 43 38 55 51
10 8 12 7 5 42 84 10 58 21 98 52 17 31 33 11 44 63 19 57 65 9 22 95 4 43 38 55 51
11 8 12 7 5 42 84 10 58 21 52 98 17 33 31 11 44 63 19 57 65 9 22 95 43 4 38 55 51
12 8 12 7 5 42 84 10 21 58 52 98 17 33 11 31 44 19 63 57 65 9 22 95 43 4 38 55 51
13 8 12 7 5 42 84 10 21 58 52 98 17 33 11 31 44 19 63 57 65 9 22 95 43 4 38 55 51
14 8 7 12 5 42 84 10 21 58 52 98 17 33 11 31 44 19 63 57 65 22 9 95 43 4 38 55 51
15 8 5 7 12 84 42 10 21 58 52 98 17 33 11 31 44 19 63 57 65 22 9 95 43 4 38 55 51
16 8 7 5 12 42 84 10 21 58 52 17 98 33 11 31 44 19 63 57 65 22 9 95 43 38 55 51
17 8 5 7 12 42 84 21 10 58 17 52 98 11 33 44 31 19 63 57 65 9 22 95 43 38 55 51
18 8 5 7 42 84 10 21 52 17 98 58 11 33 31 44 19 63 57 9 65 22 95 43 38
L
a
p
s
Lapped riderWinner
Austin, Sunday, April 13, 2014
These data/results cannot be reproduced, stored and/or transmitted in whole or in part by any manner of electronic, mechanical, photocopying, recording, broadcasting or otherwise now
known or herein after developed without the previous express consent by the copyright owner, except for reproduction in daily press and regular printed publications on sale to the public
within 60 days of the event related to those data/results and always provided that copyright symbol appears together as follows below.
© DORNA, 2014
Official MotoGP Timing by
www.motogp.com
TISSOT
