anapolis Motor SpeedwComputerised                               results and timing service provided by TISSOT
                                                                                                                                                                      Moto2
                                  RED BULL INDIANAPOLIS GRAND PRIX
                                  Race
          4216 m.                 Lap Chart                                                                                                                                           19
Pos        1 2 3 4 5 6 7 8 9 10 11 12 13 14 15 16 17 18 19 20 21 22 23 24 25 26 27 28 29 30 31 32 33
Grid      40 93 29 60 77 45 71 36 12 18 30 3 5 38 80 15 88 19 8 63 72 44 81 95 14 4 49 76 23 22 57 10 82


     1    29 40 77 93 60 36 12 45 71 38 30 18 80 19 88                            5 95      8 15 63       3 72     4 14 76 23 44 57 81 49 22 10 82
     2    77 93 29 40 36 60 12 45 30 80 71 38 18 19                           5 88 95 15        3    8 63 72       4 14 76 23 44 81 49 57 22 10 82
     3    77 93 29 60 40 36 12 30 80 45 71 18                       5 88 95       3 19 38 15         8 63 72       4 14 76 23 81 49 44 57 22 10 82
     4    93 77 29 60 40 36 30 12 80 45 18 71                       5 88      3 95 19 38 15          8 63 72       4 14 76 81 49 23 44 22 57 10 82
     5    93 77 29 40 60 36 12 30 80 45 71 18                       5    3 88 95 19 15 38            8 63     4 72 14 76 81 49 23 44 22 57 10 82
     6    93 29 77 40 60 36 12 30 80 45 71 18                       3    5 88 95 15 19 38            8 63     4 14 76 81 49 23 72 44 22 57 10 82
     7    93 29 40 60 36 12 77 30 80 45 18                     3 71      5 88 95 38 19 15            8    4 63 14 76 81 49 23 72 44 22 57 10 82
     8    93 40 60 29 36 12 77 80 45 30                    3 18 71       5 88 95 38 19 15            8    4 63 76 81 49 14 23 72 44 22 57 10
     9    93 40 60 29 36 12 77 45                3 80 18 71 30           5 88 95 38 19 15            8    4 63 76 81 49 14 23 72 44 22 57 10
    10    93 40 60 36 77 29 12 45                3 80 71 18 30           5 95 88 38 19 15            8    4 63 81 76 49 14 23 72 44 22 57 10

L   11    93 40 60 36 77 12 29               3 45 80 71 18          5 30 95 88 38 19 15              8    4 81 63 76 49 14 23 44 72 57 10
a   12    93 40 60 36 77 12             3 45 29 80 18 71            5 30 95 88 38 15 19              8    4 81 76 49 63 14 23 44 72 57 10
p         93 40 60 36 77 12             3 45 80 29 18 71            5 30 95 88 38 15 19              8    4 81 49 76 14 63 23 44 72 57 10
s
    13
    14    93 40 60 36 12 77             3 45 80 29 18 71            5 30 95 88 38 15 19              8    4 81 49 76 14 63 23 44 72 57 10
    15    93 40 60 36 12 77             3 45 80 18 29          5 71 30 95 88 38 15 19                4    8 81 49 76 14 63 23 44 57 10 72
    16    93 40 60 12 36 77             3 45 80 29 18          5 71 30 95 88 38 15 19                4    8 81 76 49 14 63 23 44 57 10 72
    17    93 40 60 12 36 77             3 45 80 29 18          5 71 30 95 88 38 19 15                4    8 81 76 49 14 63 23 44 57 10 72
    18    93 40 60 12 36           3 77 45 80 29 18 71              5 95 30 88 38           4 81     8 76 49 14 63 23 44 57 10 72
    19    93 40 60 12 36           3 77 45 29 80 71 18              5 95 30 88 38           4 81     8 76 49 14 63 23 44 57 10 72
    20    93 40 60 12 36           3 45 77 29 80 71 18              5 95 88 30 38           4 81     8 76 49 14 23 63 44 57 10 72
    21    93 40 60 12 36 45             3 77 29 80 71          5 18 95 88 30 38             4 81     8 76 49 14 23 63 57 10 72
    22    93 40 60 12 36 45             3 77 29 71 80          5 18 95 88 30 38             4 81     8 76 49 14 23 63 57 10 72
    23    93 40 60 36 12 45             3 77 29 71 80          5 18 95 88 30 38             4 81     8 76 49 14 23 63 57 10 72
    24    93 40 60 36 12 45             3 77 29 71 80          5 18 95 88 38 30             4 81     8 76 49 14 23 63 57 10
    25    93 40 60 36 12 45             3 77 29 71 80          5 18 95 88 38 30             4 81     8 76 49 14 23 63 57 10
    26    93 40 60 36 12 45 77               3 29 71 80        5 18 95 88 38 30             4 81     8 76 49 23 14 63 57 10




          Winner                   Lapped rider
These data/results cannot be reproduced, stored and/or transmitted in whole or in part by any manner of electronic, mechanical, photocopying, recording, broadcasting or otherwise now
known or herein after developed without the previous express consent by the copyright owner, except for reproduction in daily press and regular printed publications on sale to the public
within 60 days of the event related to those data/results and always provided that copyright symbol appears together as follows below.
© DORNA, 2012

Official MotoGP Timing byTISSOT
www.motogp.com

Indianapolis, Sunday, August 19, 2012
