Lap Chart
GRAN PREMIO MARLBORO DE ESPAÑA
Computerised results and timing service
4423m
Jerez
250cc
22
Race
Pos
Grid 74
1
34
2
15
3
10
4
31
5
5
6
8
7
99
8
21
9
7
10
6
11
44
12
81
13
12
14
18
15
42
16
9
17
66
18
20
19
37
20
50
21
22
22
19
23
57
24
55
25
38
26
39
27
23
28
98
29
16
30
45
31
41
32
1 74 31 34 10 5 7 8 15 99 21 81 18 44 6 42 22 12 66 37 20 50 38 57 39 19 55 16 9 45 23 98 41
2 74 31 34 5 7 10 8 15 99 21 81 18 44 6 42 66 37 22 12 20 57 50 38 19 9 55 39 16 45 23 98 41
3 74 31 34 7 5 10 15 8 99 21 18 44 6 66 42 37 12 22 57 50 20 9 19 38 55 39 16 45 98 23 41 81
4 31 74 34 7 5 10 15 8 99 21 18 44 66 6 42 37 12 57 50 9 20 22 19 55 38 39 45 98 23 41 16 81
5 31 74 34 7 5 10 15 8 99 21 44 18 66 6 42 12 57 37 9 50 20 19 22 55 38 39 98 45 23 41 16 81
6 74 31 34 5 7 10 8 15 99 21 44 18 66 6 42 12 57 37 9 20 22 19 55 38 39 98 45 23 41 81 16
7 74 31 34 5 7 10 8 15 99 21 44 18 66 6 42 12 57 20 9 22 37 19 55 38 39 45 98 81 23 41 16
8 74 31 34 5 7 10 15 8 99 21 44 18 66 6 42 12 57 20 22 37 55 19 38 39 81 45 98 23 41 16
9 74 31 34 5 7 10 15 8 99 21 44 18 66 6 42 12 57 20 22 37 55 19 38 39 81 45 98 16 23 41
10 74 31 5 34 7 10 15 8 99 44 21 18 66 6 42 12 57 20 22 37 55 19 38 39 81 45 98 16 23 41
11 74 31 5 34 7 10 8 15 99 44 21 18 66 6 42 12 57 20 22 37 55 19 38 81 39 45 98 16 23 41
12 74 31 5 34 10 7 8 15 99 44 21 18 66 6 42 12 57 20 37 22 55 19 38 81 39 45 98 16 23 41
13 74 31 5 34 10 7 8 15 99 44 21 18 66 6 42 12 57 20 22 55 19 81 38 39 98 45 16 23 41
14 74 31 5 34 10 8 7 15 44 99 21 18 66 6 42 12 57 20 55 19 22 81 38 39 98 45 16 23 41
15 74 31 5 34 10 8 7 15 44 99 21 66 18 6 12 42 57 20 55 22 19 81 38 39 98 45 16 23 41
16 74 31 5 34 10 8 7 15 44 99 21 66 18 6 12 57 42 20 22 55 19 81 38 39 98 45 16 23 41
17 74 31 5 34 10 8 7 15 44 99 21 66 18 6 12 57 42 20 22 55 19 81 38 39 98 45 16 23 41
18 74 31 5 34 10 8 7 15 44 99 21 66 18 6 12 57 42 20 22 55 19 81 38 39 98 45 16 23 41
19 74 31 5 34 10 8 7 15 44 99 21 66 6 12 57 42 20 22 19 55 81 39 38 98 45 23 16 41
20 74 31 5 34 10 8 7 44 15 99 21 66 6 12 57 42 20 22 19 55 81 39 38 98 23 45 16 41
21 74 31 5 34 10 7 44 15 21 99 8 66 6 12 57 42 20 22 19 55 81 39 38 98 23 16 45 41
22 74 31 5 34 10 7 44 15 99 21 8 66 6 12 57 42 20 22 19 55 81 38 39 98 23 16 45 41
23 74 31 5 34 10 7 44 15 99 21 8 66 6 12 57 42 20 22 19 55 81 38 39 98 23 16 45 41
24 74 31 5 34 10 7 44 15 99 21 8 66 6 12 57 42 20 19 81 22 55 39 38 98 23 16 45 41
25 74 31 5 34 10 7 44 15 21 99 66 8 6 12 57 42 20 81 19 55
L
a
p
s
Lapped riderWinner
Jerez de la Frontera, Sunday, May 06, 2001
These data/results can not be reproduced, stored and/or transmitted in whole or in part by any manner of electronic, mechanical, photocopying, recording, broadcasting or otherwise now
known or herein after developed without the previous express consent by the copyright owner, except for reproduction in daily press and regular printed publications on sale to the public
within 60 days of the event related to those data/results and always provided that copyright symbol appears together as follows below.
© DORNA, 2001
Official information of MotoGP
www.motograndprix.com
