A-STYLE GRAND PRIX OF JAPAN
Computerised results and timing service provided by
4801 m.
Motegi
250cc
Race
Lap Chart 22
TISSOT
Pos
Grid 58
1
4
2
6
3
36
4
19
5
55
6
60
7
72
8
41
9
15
10
75
11
21
12
52
13
66
14
14
15
32
16
65
17
25
18
35
19
45
20
43
21
92
22
67
23
68
24
10
25
69
26
1 58 6 4 41 36 60 72 19 55 14 75 15 52 65 66 32 25 45 43 92 69 68 10
2 58 6 60 4 41 36 72 19 55 75 14 15 52 66 65 32 25 45 43 92 69 68 10
3 58 60 6 4 41 36 19 72 55 75 15 14 52 66 32 65 25 43 45 92 69 68 10
4 58 60 6 4 41 19 36 72 75 55 15 14 52 66 32 65 25 43 45 92 69 68 10
5 58 60 6 4 41 19 36 72 75 55 15 14 52 66 32 65 25 43 45 92 69 68 10
6 58 60 6 4 19 41 36 72 75 55 15 14 52 66 32 65 25 43 45 92 69 68 10
7 58 60 6 19 4 41 36 72 75 55 15 52 14 66 32 65 25 43 45 92 69 68 10
8 58 60 6 19 4 41 36 72 75 55 15 14 52 66 32 25 65 45 43 92 69 68 10
9 58 60 6 19 4 36 41 72 75 15 55 14 52 66 32 25 65 45 43 92 69 68 10
10 58 60 6 19 36 41 4 72 75 15 55 14 52 66 32 25 65 45 43 92 69 10 68
11 58 60 19 6 36 41 4 72 75 15 55 14 52 66 32 25 65 45 43 92 69 68 10
12 58 60 19 6 36 41 4 72 75 15 55 14 52 66 32 25 65 45 43 92 69 10 68
13 58 60 19 6 36 41 4 75 72 15 55 14 52 66 32 25 65 45 43 92 69 10 68
14 58 19 60 6 36 41 4 75 72 15 55 14 52 66 32 25 65 45 43 92 69 10 68
15 58 19 60 6 36 41 72 4 75 15 55 14 52 66 32 25 65 45 43 92 69 10 68
16 58 19 60 6 36 41 72 4 75 15 55 14 52 66 32 25 65 45 43 92 69 10 68
17 58 19 6 60 36 41 72 4 75 15 55 14 52 66 32 25 65 45 43 92 69 10 68
18 58 19 6 60 36 41 72 4 75 15 55 14 52 66 32 25 65 45 43 92 69 10 68
19 58 19 6 60 36 72 41 4 75 15 55 14 52 66 32 25 65 45 43 92 69 10 68
20 58 19 6 60 36 72 41 4 75 15 55 14 52 66 32 25 65 45 43 92 69 10 68
21 58 19 6 60 36 72 41 75 4 15 55 52 14 66 32 25 65 45 43 92 69 10
22 58 19 6 60 36 72 41 75 4 15 55 52 14 66 32 25 65 45 43 92 69 10
23 58 19 6 60 36 72 41 75 4 15 55 52 14 66 32 25 65 45 43
L
a
p
s
Lapped riderWinner
Motegi, Sunday, September 28, 2008
These data/results cannot be reproduced, stored and/or transmitted in whole or in part by any manner of electronic, mechanical, photocopying, recording, broadcasting or otherwise now
known or herein after developed without the previous express consent by the copyright owner, except for reproduction in daily press and regular printed publications on sale to the public
within 60 days of the event related to those data/results and always provided that copyright symbol appears together as follows below.
© DORNA, 2008
Official MotoGP Timing by
www.motogp.com
TISSOT
