       Sachsenring                 Computerised results and timing service provided by TISSOT
                                                                                                                                                                      Moto2
                                  eni MOTORRAD GRAND PRIX DEUTSCHLAND
                                  Race
          3671 m.                 Lap Chart                                                                                                                                           19
Pos        1 2 3 4 5 6 7 8 9 10 11 12 13 14 15 16 17 18 19 20 21 22 23 24 25 26 27 28 29 30 31 32 33 34 35 36 37 38
Grid      93 65 40 51 60 15 19 36 38 68 76 12 72 44 4 18 16 34 80 54 3 63 45 88 29 9 71 77 25 53 13 14 75 39 64 97 24 95


     1    93 65 15 40 68 12 51 76 54 16 72                     4 34 45 71 44           3 77 63 80 25 53 29 14 75 13 39 64 97                        9 95 24 38 19 18 88
     2    93 65 15 68 40 12 76 51 54 16 34 72                       4    3 45 71 44 63 77 25 29 80 53 14 75 13 39 64 97                             9 38 95 24 19 18 88
     3    93 15 65 12 68 40 76 54 16 51 34                     3 45 72 71         4 63 44 77 25 29 80 75 64 39 38 97                       9 95 19 18 24 13 14 88
     4    93 65 15 68 12 40 76 54                3 45 34 51 72           4 63 16 71 44 77 25 29 80 75 38 64 39                        9 19 97 18 95 13 24 14 88
     5    93 15 65 68 12 40 76 54                3 34 45 51 72           4 16 63 71 44 77 29 25 75 80 38 64 39 19                          9 18 97 13 95 24 14 88
     6    93 15 65 68 12           3 54 34 45 72 51            4 16 63 44 71 77 29 25 75 80 38 64 39 19                          9 18 97 13 95 14 24 88
     7    93 15 65 68 12 54             3 34 45 72 51          4 16 44 63 71 77 29 25 75 80 38 64 19                        9 39 18 97 13 14 95 24 88
     8    93 15 65 68 12 54             3 45 34 72 51          4 16 44 71 63 77 29 25 75 38 80 19 64                        9 18 39 13 97 14 95 24 88
     9    93 15 65 68 12           3 54 45 34 72           4 51 16 44 63 71 29 77 25 38 80 75 19                        9 64 18 39 13 97 14 95 24 88
    10    93 65 15 68 12           3 45 54 34 72           4 51 16 44 63 71 29 77 25 38 80 75 19                        9 64 18 39 13 97 14 95 24 88

L   11    93 65 15 12 68 45             3 54 72 34         4 51 16 44 63 71 29 77 25 38 80 75 19                        9 18 64 39 13 97 14 24 95 88
a   12    93 65 15 12 68 45             3 54 72       4 34 51 16 44 71 63 29 77 25 38 75 80 19                          9 18 64 39 13 14 97 24 95 88
p         93 65 15 12 68 45 54               3 72     4 51 16 34 44 71 29 63 77 38 25 75 80 19                          9 18 64 39 13 14 97 88 95 24
s
    13
    14    65 93 15 12 68 45             3 54     4 72 51 16 34 44 71 29 63 38 77 25 75 80 19                            9 18 64 39 13 14 97 88 95 24
    15    65 15 93 12 68 45             3    4 54 72 51 16 44 34 29 71 38 63 77 25 75 80 19                             9 18 64 39 13 14 97 88 95 24
    16    65 93 15 12 68 45             3    4 72 54 51 16 44 29 71 34 77 63 25 75 80 19                           9 18 64 39 13 14 97 88 24 95
    17    65 15 93 12 68 45             4    3 72 54 51 16 44 29 71 77 63 25 75 80 19                         9 18 34 64 39 13 14 97 88 24 95
    18    65 15 93 12 68           4 45      3 72 54 51 16 29 71 44 77 63 25 75 80 19 18                           9 34 64 39 13 14 97 88 24 95
    19    65 15 93 12 68           4 45      3 72 54 51 16 29 71 44 63 77 25 75 80 19 18                           9 64 39 13 14 34 97 88 24 95
    20    65 15 93 12 68           4    3 45 72 54 51 16 71 29 44 63 77 25 75 80 19 18                             9 64 39 13 14 97 88 24 95
    21    65 93 15 12 68           4    3 45 54 51 16 72 71 29 44 63 77 25 75 80 19 18                             9 64 39 13 14 97 88 95 24
    22    93 65 15 12 68           4    3 45 54 51 16 72 29 71 44 63 77 25 80 19 75 18                             9 13 64 39 14 97 88 95 24
    23    93 65 15 12         4 68 45        3 54 51 16 72 29 71 44 63 77 25 19 80 75 18                           9 13 64 14 39 97 88 95 24
    24    93 65 15 12         4 68 45        3 54 51 16 29 71 44 77 63 25 19 80 75 18                         9 13 64 14 39 97 88 24 95
    25    93 65 12 15         4 68 45        3 54 51 16 29 71 44 77 63 25 19 80 75 18                         9 13 64 14 39 97 88 24 95
    26    93 65 15 12         4 68 45        3 54 51 16 71 29 44 77 63 25 19 80                      9 18 75 13 64 14 39 97 88 24 95
    27    93 65 15 12         4 68 45        3 51 16 54 71 44 29 77 63 25 19                    9 18 80 75 13 64 14 39 97 88 24 95
    28    93 65 15        4 12 68 45         3 16 51 54 77 44 29 71 63 25 19                    9 18 75 80 13 64 14 39 97 88 24 95
    29    93 65 15        4 12 68 45         3 16 51 54 77 44 29 71 63 25 19 75                      9 18 80 13 64 14 39 97 88




          Winner                   Lapped rider
These data/results cannot be reproduced, stored and/or transmitted in whole or in part by any manner of electronic, mechanical, photocopying, recording, broadcasting or otherwise now
known or herein after developed without the previous express consent by the copyright owner, except for reproduction in daily press and regular printed publications on sale to the public
within 60 days of the event related to those data/results and always provided that copyright symbol appears together as follows below.
© DORNA, 2011

Official MotoGP Timing byTISSOT
www.motogp.com

Sachsenring, Sunday, July 17, 2011
