A-STYLE GRAND PRIX OF JAPAN
Computerised results and timing service provided by TISSOT
4801 m.
Motegi
250cc
Race
Lap Chart 22
Pos
Grid 48
1
34
2
7
3
4
4
73
5
55
6
15
7
80
8
50
9
96
10
86
11
8
12
52
13
87
14
58
15
54
16
89
17
14
18
42
19
37
20
28
21
25
22
23
23
24
24
20
25
93
26
88
27
44
28
16
29
21
30
22
31
85
32
1 34 7 48 55 15 4 73 80 96 8 50 52 58 86 54 14 16 87 93 37 89 28 88 23 25 42 44 24 22 85 20
2 34 7 55 4 48 15 73 80 50 58 96 86 54 14 87 16 93 89 37 28 25 88 42 23 44 24 22 85 20
3 34 7 55 4 48 15 73 80 50 58 96 86 54 87 14 16 89 93 37 28 25 88 42 23 44 24 85 22 20
4 34 7 55 4 48 15 73 80 50 58 96 86 54 87 14 16 89 93 37 28 25 88 23 44 24 85 22 20
5 34 7 4 55 48 15 73 80 50 58 86 96 54 87 14 89 16 37 93 28 25 88 23 44 24 85 22 20
6 34 7 4 55 48 15 73 50 80 58 86 96 54 14 87 89 16 37 93 28 25 88 23 44 24 85 20
7 4 34 7 55 48 15 73 80 58 96 86 54 14 87 89 37 16 93 28 25 88 23 44 24 85 20
8 4 7 55 34 48 15 73 58 80 96 86 54 87 14 89 37 16 28 93 25 88 44 23 24 85 20
9 4 7 55 34 48 15 73 58 80 96 86 54 87 89 14 37 16 28 93 25 88 44 23 24 85 20
10 4 7 55 34 48 15 73 80 96 58 86 54 87 89 14 37 16 28 25 93 88 44 23 24 85 20
11 4 7 55 34 48 15 73 58 86 80 96 87 54 89 14 37 16 28 25 93 88 44 23 24 20 85
12 4 7 55 34 48 15 73 58 86 80 96 87 54 89 14 37 16 28 25 93 88 44 23 24 20 85
13 4 7 55 34 48 15 73 58 86 80 96 87 54 89 14 37 16 28 25 93 88 44 23 24 20 85
14 7 4 55 34 48 15 73 58 80 86 96 87 54 89 14 37 16 25 28 93 88 44 23 24 20 85
15 4 7 34 48 15 73 58 86 96 80 87 54 89 14 37 16 25 28 93 88 44 23 24 20 85
16 4 7 34 48 15 73 58 96 86 80 87 54 14 89 37 25 16 28 93 88 44 23 24 20 85
17 4 7 34 48 15 73 58 96 86 80 87 14 54 89 37 25 16 28 93 88 44 23 24 20 85
18 4 7 34 48 15 73 58 86 80 87 14 54 89 37 25 16 28 93 88 44 23 24 20 85
19 4 7 34 48 15 73 86 58 80 87 14 54 89 37 25 16 28 93 88 44 23 24 20 85
20 4 7 34 48 15 73 80 58 86 87 14 54 89 37 25 16 28 93 88 44 23 24 20 85
21 4 7 48 34 15 73 58 80 86 87 14 54 89 37 25 28 16 93 88 44 23 24 20 85
22 4 7 48 34 15 73 58 80 86 87 14 54 89 37 25 28 16 44 88 93 23 24 20 85
23 4 7 48 34 15 73 80 86 58 87 14 54 89 25 37 28 16 44 88 93 23 24 20
L
a
p
s
Lapped riderWinner
Motegi, Sunday, September 24, 2006
These data/results cannot be reproduced, stored and/or transmitted in whole or in part by any manner of electronic, mechanical, photocopying, recording, broadcasting or otherwise now known or
herein after developed without the previous express consent by the copyright owner, except for reproduction in daily press and regular printed publications on sale to the public within 60 days of the event
related to those data/results and always provided that copyright symbol appears together as follows below.
© DORNA, 2006
Official MotoGP Timing by TISSOT
www.motogp.com
