Lap Chart
GAULOISES PACIFIC GP OF MOTEGI
Computerised results and timing service
4801m
Motegi
125cc
22
Race
Pos
Grid 3
1
7
2
48
3
80
4
34
5
22
6
4
7
15
8
33
9
27
10
23
11
79
12
36
13
58
14
12
15
17
16
24
17
19
18
6
19
10
20
8
21
1
22
32
23
41
24
31
25
63
26
65
27
26
28
66
29
50
30
94
31
25
32
88
33
42
34
11
35
59
36
95
37
28
38
1 3 80 34 79 36 7 15 27 22 17 23 48 8 10 58 12 19 33 4 41 24 6 32 1 50 25 31 95 94 42 26 65 66 88 11 63 28 59
2 3 80 34 79 7 36 27 15 17 8 48 22 23 10 58 12 4 19 33 6 24 41 32 50 1 31 95 25 94 26 42 88 66 65 59 11 63 28
3 3 80 34 79 7 27 36 15 17 48 8 23 22 58 10 4 12 33 6 19 24 41 32 1 50 31 95 25 66 94 26 42 65 63 59 88 28 11
4 3 34 80 27 7 79 36 15 17 48 8 23 22 58 4 10 12 6 33 24 19 41 32 1 50 31 95 66 25 94 63 65 59 88 28 11
5 3 34 80 27 36 7 17 79 15 48 8 23 22 58 4 10 6 12 33 24 19 41 32 1 50 66 95 31 25 94 63 59 88 28
6 3 34 80 27 7 36 17 15 48 79 23 8 22 58 12 6 10 33 24 19 41 32 1 50 66 95 31 63 25 94 59 88
7 3 34 80 27 7 36 17 15 48 79 23 22 58 8 12 6 33 10 24 19 41 32 1 50 66 63 95 31 25 94 59 88
8 3 34 27 80 7 36 17 48 15 79 22 23 58 8 12 6 33 24 10 19 41 32 1 50 66 95 31 25 94 59 88
9 3 34 27 80 7 17 48 36 15 22 79 23 58 8 12 6 24 33 10 19 41 32 1 50 66 95 31 25 94 59 88
10 3 34 27 80 7 48 36 17 15 22 58 79 23 8 12 6 24 19 33 10 41 32 1 50 66 95 31 88 59 94 25
11 3 27 34 80 7 48 36 17 15 22 58 23 79 8 12 6 24 19 10 33 41 32 1 50 66 95 31 88 59 94 25
12 3 80 27 34 48 36 7 17 15 22 58 23 79 8 12 6 24 19 10 33 41 32 1 50 66 31 95 88 59 94 25
13 3 27 80 34 48 36 7 17 15 22 23 58 12 8 6 79 24 19 10 33 41 32 1 50 66 31 88 59 94 25
14 3 27 80 48 34 36 7 17 15 22 23 12 8 6 58 79 19 24 10 33 41 32 1 50 66 31 88 59 94 25
15 3 27 48 80 34 36 7 17 15 22 12 6 8 79 19 24 10 33 41 32 1 50 66 31 88 59 94 25
16 3 48 27 80 34 36 7 17 15 22 12 6 8 79 19 24 10 33 41 32 1 50 66 31 88 59 94 25
17 80 3 27 34 48 7 36 17 22 15 12 6 8 79 19 10 24 33 41 32 1 50 66 88 59 31 94 25
18 80 27 34 48 3 7 36 17 22 15 12 6 8 79 19 10 24 33 41 32 1 50 66 88 59 31 94 25
19 34 80 27 3 7 17 36 22 15 12 6 8 79 19 48 24 10 33 41 32 50 1 66 59 88 31 94 25
20 80 27 34 7 3 17 36 22 15 12 6 8 19 79 24 33 41 10 32 50 1 66 88 59 31 94 25
21 80 27 34 7 17 3 36 22 15 12 6 19 8 79 24 33 41 32 1 50 66 88 59 31 94 25
L
a
p
s
Lapped riderWinner
Motegi, Sunday, October 05, 2003
These data/results cannot be reproduced, stored and/or transmitted in whole or in part by any manner of electronic, mechanical, photocopying, recording, broadcasting or otherwise now known or
herein after developed without the previous express consent by the copyright owner, except for reproduction in daily press and regular printed publications on sale to the public within 60 days of the event
related to those data/results and always provided that copyright symbol appears together as follows below.
© DORNA, 2003
Official information of MotoGP
www.motograndprix.com
