Lap Chart
GRAN PREMIO MARLBORO DE ESPAÑA
Computerised results and timing service
4423m
Jerez Revised
125cc
22
Race
Pos
Grid 22
1
21
2
1
3
15
4
17
5
4
6
23
7
26
8
16
9
34
10
41
11
25
12
7
13
47
14
6
15
80
16
36
17
33
18
5
19
18
20
9
21
8
22
11
23
10
24
39
25
51
26
12
27
57
28
52
29
50
30
19
31
84
32
48
33
31
34
20
35
1 26 17 25 15 21 16 34 4 36 23 5 47 22 33 41 7 10 12 18 8 6 50 84 9 11 80 19 48 51 31 57 52 39 20
2 26 17 15 21 25 4 16 34 36 47 23 5 41 22 33 7 10 18 12 8 6 50 84 11 9 80 19 48 31 52 51 57 39 20
3 26 17 21 15 4 25 34 16 47 36 5 41 23 33 22 7 18 12 10 6 50 8 11 80 84 19 9 48 31 52 51 57 39 20
4 17 21 26 15 4 25 47 16 34 5 41 36 33 23 22 7 18 6 12 50 11 80 8 84 10 19 9 48 31 57 51 52 39 20
5 17 21 15 26 4 47 25 16 5 34 41 36 33 22 23 7 18 6 50 11 12 80 8 84 19 9 10 48 31 57 52 51 39 20
6 17 21 15 26 4 47 25 16 5 41 34 36 33 22 23 18 7 6 50 11 80 12 8 84 19 9 10 48 57 52 31 51 39 20
7 17 21 15 26 4 16 25 41 5 34 36 22 33 23 18 7 6 11 50 80 84 8 12 9 19 10 52 48 31 57 51 39 20
8 17 21 15 4 26 16 25 41 5 36 34 22 33 23 18 7 11 6 50 80 9 84 19 12 8 10 52 48 31 51 57 20
9 17 4 21 15 26 16 41 25 36 5 33 34 23 18 7 11 6 50 80 9 84 19 12 8 10 52 48 31 51 57 20
10 17 4 21 15 26 41 16 25 36 33 5 23 34 11 18 7 6 50 80 9 84 19 8 12 10 52 48 51 31 57 20
11 17 4 21 15 26 41 25 16 36 33 5 23 34 11 18 50 80 6 7 84 19 9 8 12 10 52 48 31 51 57 20
12 4 21 15 17 26 41 25 16 36 33 5 23 34 11 18 80 50 6 7 19 8 84 12 9 10 52 48 31 51 57 20
13 4 21 15 17 26 41 25 16 36 33 5 23 34 11 80 18 50 6 7 84 8 19 12 9 10 52 48 31 51 57 20
14 4 15 21 17 26 41 25 16 36 33 5 23 34 11 80 50 18 6 7 84 19 12 8 9 10 48 52 31 51 57 20
15 4 15 21 17 26 41 16 25 36 33 5 23 34 11 80 50 18 6 7 84 12 19 9 8 48 10 31 51 57 20
16 4 15 21 17 26 41 16 36 25 33 5 23 34 11 80 50 18 6 7 12 84 9 19 8 48 31 51 57 10 20
17 4 15 21 17 26 41 16 36 33 25 5 23 34 11 80 50 18 6 7 12 9 84 19 8 48 31 51 57 10 20
18 4 15 21 17 26 41 16 36 33 25 5 23 11 34 80 50 18 6 7 9 12 84 19 8 48 31 51 57 10 20
19 4 15 21 17 26 41 16 36 33 25 5 23 11 34 80 50 18 6 7 12 84 19 9 8 48 31 51 57 10 20
20 4 15 21 17 26 41 16 36 33 5 25 23 11 34 80 18 50 6 7 12 84 19 9 8 48 31 57 51 10 20
21 4 15 21 17 26 41 36 16 5 25 23 11 34 80 18 50 6 7 33 12 84 9 19 8 48 31 57 51 10 20
22 4 21 17 26 36 41 16 5 25 23 11 80 18 6 50 7 12 33 84 9 19 8 48 31 57 51 10 20
23 4 21 17 26 36 41 16 5 25 23 11 80 18 6 50 7 9 84 33 8 19 48 31 57 51 10 20
L
a
p
s
Lapped riderWinner
Jerez de la Frontera, Sunday, May 05, 2002
These data/results can not be reproduced, stored and/or transmitted in whole or in part by any manner of electronic, mechanical, photocopying, recording, broadcasting or otherwise now
known or herein after developed without the previous express consent by the copyright owner, except for reproduction in daily press and regular printed publications on sale to the public within
60 days of the event related to those data/results and always provided that copyright symbol appears together as follows below.
© DORNA, 2002
Official information of MotoGP
www.motograndprix.com
