         Silverstone               Computerised results and timing service provided by TISSOT
                                                                                                                                                                      Moto2
                                  AIRASIA BRITISH GRAND PRIX
                                  Race
          5902 m.                 Lap Chart                                                                                                                                           19
Pos        1 2 3 4 5 6 7 8 9 10 11 12 13 14 15 16 17 18 19 20 21 22 23 24 25 26 27 28 29 30 31 32 33 34 35 36 37 38 39
Grid      71 16 65 60 68 19 25 41 12 10 48 45 77 17 3 29 6 24 2 80 75 40 9 14 52 59 44 76 39 54 63 55 8 61 5 35 96 72 53


     1    71 16 10 60 19 48 68 25 41                  2    6   3 77 65 45 63 12 29 17 24 40 75 14 59                        9 52 80 61 35 54 44 55 39 72 96 21 53                            5   8
     2    10 71 16 19 60 68 48 25 41                  2    6 45 77 63 12 29 24 17 40 75 59 14                      9 52 80 61 35 44 55 54 72 96 39 53                       8 21     5 76
     3    10 71 19 16 60 48 68               6 25 45 41        2 63 77 12 29 24 17 40 75 14 59                     9 52 80 35 61 55 44 54 96 72 39                     8 53 21 76            5
     4    71 16 60 10 19 68 48               6 45 25 41 63 77 12             2 29 24 17 40 75 14              9 59 52 80 61 35 96 44 72                  8 55 54 39 76 53 21                 5
     5    60 16 19 71 48 68 10               6 45 63 25 41 12 77             2 24 29 17 40 75 14 59                9 52 80 96 61 72 35              8 54 55 44 39 76 53 21                   5
     6    60 16 71 19 68 48             6 10 63 45 12 77 25 41               2 24 29 17 40 14 75 59                9 52 80 96 72           8 61 35 54 55 44 39 76 53                 5 21
     7    60 16 71        6 48 68 45 63 19 12 25 41 10 24 77                      2 29 17 40 14 75 59              9 52 80 72         8 96 61 54 55 35 44 76 39 53                   5 21
     8    60 16 71        6 45 48 19 68 63 12 25 10 77 41 24                      2 29 14 17 40 75 59              9 52 80 72         8 54 96 61 55 44 76 35 39 53 21                        5
     9    16 71 60 45         6 48 12 19 68 63 10 77 25 41 24 14                       2 29 40 17 75 59 52              9 80     8 72 54 96 55 61 44 76 35 39 53 21                          5
    10    71 16 60 45 12 48 19 63                6 68 10 77 25 24 14 41                2 29 17 40 75 59            9 52     8 80 54 72 96 55 61 44 76 35 39 53 21                            5

L   11    71 16 60 12 45           6 63 19 48 68 10 77 25 24 14 29 41                       2 17 40 75 59          9 52     8 72 96 80 54 61 55 44 76 39 35 53                       5 21
a   12    16 71 60 12 45           6 63 19 48 68 77 25 10 24 14 29 41 17                        2 40 59 75         9 52     8 72 96 80 54 61 55 44 76 53 39 35                       5 21
p         16 60 71 12 45           6 63 48 19 68 77 25 10 24 14 29 17 41 40                          2 59 75       9 52     8 72 80 54 96 61 44 55 76 53 39 35                       5 21
s
    13
    14    16 60 12 71 45           6 48 63 19 68 77 25 10 14 24 29 40 17 41                          2 59 75       9 52     8 72 80 54 61 44 55 76 53 39 35 21                       5
    15    16 12 71 60 45 48             6 63 19 68 77 25 10 14 24 29 40 41 17                        2 59 75       9 52     8 72 54 61 80 44 55 76 53 39 35 21                       5
    16    12 71 16 60 45 48             6 63 19 68 77 14 24 25 10 29 40 41 17 59                          9   8 52 72 61 54 80 44 55 76 75 53 39 35 21                          5
    17    12 60 16 45         6 48 63 19 68 77 10 24 25 14 29 40 41 17 59                            8    9 72 61 52 80 54 44 55 76 53 39 35 21                        5 71
    18    16 12 60 45         6 48 63 19 77 24 10 29 14 41 40 59                       8 72 61 52         9 54 80 44 76 53 39 35 21 71                   5




          Winner                   Lapped rider
These data/results cannot be reproduced, stored and/or transmitted in whole or in part by any manner of electronic, mechanical, photocopying, recording, broadcasting or otherwise now
known or herein after developed without the previous express consent by the copyright owner, except for reproduction in daily press and regular printed publications on sale to the public
within 60 days of the event related to those data/results and always provided that copyright symbol appears together as follows below.
© DORNA, 2010

Official MotoGP Timing byTISSOT
www.motogp.com

Silverstone, Sunday, June 20, 2010
