           Motegi                  Computerised results and timing service provided by TISSOT
                                                                                                                                                                      Moto2
                                  GRAND PRIX OF JAPAN
                                  Race
          4801 m.                 Lap Chart                                                                                                                                           19
Pos        1 2 3 4 5 6 7 8 9 10 11 12 13 14 15 16 17 18 19 20 21 22 23 24 25 26 27 28 29 30 31 32 33 34 35 36 37 38
Grid      93 12 29 38 72 3 15 65 77 75 18 36 40 51 45 19 34 54 35 44 88 13 80 63 14 16 68 76 9 53 64 7 6 95 39 4 30 33


     1    29 93 12        3 77 65 38 72 15 36 54 75 19 34 45 51 40 80 13 16 14 68                                  9    7 63 53       4 39 76       6 64 95 44
     2    29 93      3 12 65 77 38 15 36 72 54 19 75 34 51 45 13 40 16 80 68 63 14                                      9 53     7    4 76 39       6 64 95 44
     3    29 93      3 65 12 77 15 38 36 54 19 34 75 72 51 13 45 40 16 80 68 63 14                                      9 53     7 76      4 39     6 64 95 44
     4    29 93      3 65 12 15 77 36 38 54 19 34 72 75 13 51 45 40 16 80 68 63                                    9 14 53 76         7    4 39     6 64 95 44
     5    29 93      3 65 12 15 77 36 38 54 19 72 34 75 13 51 40 45 16 80 68 63                                    9 53 14 76         4    6 39 64 44 95          7
     6    29 93      3 65 12 15 77 36 38 54 19 34 13 75 51 40 16 45 80 63 68                                  9 53 14 76         4    6 39 44 64 95          7 72
     7    93 29      3 65 12 15 77 38 36 19 34 54 13 75 51 40 16 80 45                               9 53 76 14         4   6 39 44 64 68 95             7 63 72
     8    93 29      3 65 12 15 77 38 36 19 34 13 54 75 51 40 80 16 45 53                                 9 76 14       4   6 44 39 64 68           7 95 63 72
     9    29 93      3 65 12 15 77 38 36 34 19 13 54 75 51 40 80 16 45 53                                 9 76 14 44        4    6 39 68 64 95 63            7 72
    10    29 93      3 65 12 15 77 38 36 34 19 13 75 51 40 80 16 45 53                               9 76 14 44 54          4    6 39 68 64 95 63            7 72

L   11    29 93      3 65 12 15 77 36 38 34 19 13 75 51 40 80 16 45 76                               9 53 44 14 54          6    4 39 68 64 95 63            7 72
a   12    29 93      3 65 12 15 77 36 38 34 19 13 75 51 40 16 80 45 44 76                                 9 53 14 54        6    4 39 68 64 63 95            7 72
p         29 93      3 65 12 15 77 36 38 34 19 13 75 51 80 16 45 40 44 76                                 9 53 14 54        6    4 39 68 64 63 95            7 72
s
    13
    14    29 93      3 65 12 15 77 38 36 34 19 13 75 51 16 80 45 44 76                               9 53 14 54         6   4 39 68 64 63 95             7 72 40
    15    29 93 65        3 12 15 77 38 36 34 19 13 75 51 16 80 45 44 76                             9 53 14 54         6   4 39 68 64 63 95             7 72 40
    16    29 93 65        3 12 15 77 38 34 36 19 13 75 51 16 80 44 45 76                             9 53 14 54         4 39 68       6 64 63 95         7 72 40
    17    29 93 65        3 12 15 77 38 34 36 19 13 75 51 44 16 80 45 76                             9 53 54 14 68          4 39      6 64 63 95         7 72 40
    18    29 93 65        3 12 15 77 38 34 36 19 13 75 51 44 16 45 76                           9 53 54 14 68           4 39     6 63 95       7 72 40
    19    93 29 65        3 12 15 38 77 34 36 19 13 75 51 44 16 45 76                           9 54 53 14 68           4 39     6 63 95       7 72 40
    20    29 93 12 65         3 15 38 77 34 36 19 13 75 51 44 16 76                         9 45 54 53 14 68            4 39     6 63      7 95 72 40
    21    29 93 12        3 65 15 38 77 34 36 19 13 75 51 44 16 76                          9 45 54 53 14 68            4 39     6 63      7 95 72
    22    29 93 12        3 65 15 38 77 34 36 19 13 75 51 44 16 76                          9 54 45 53 14 68            4 39     6 63      7 95 72
    23    29 93 12 65         3 15 38 77 34 36 19 13 51 75 44 16                       9 76 54 45 53 14 68              4 39     6 63      7 95




          Winner                   Lapped rider
These data/results cannot be reproduced, stored and/or transmitted in whole or in part by any manner of electronic, mechanical, photocopying, recording, broadcasting or otherwise now
known or herein after developed without the previous express consent by the copyright owner, except for reproduction in daily press and regular printed publications on sale to the public
within 60 days of the event related to those data/results and always provided that copyright symbol appears together as follows below.
© DORNA, 2011

Official MotoGP Timing byTISSOT
www.motogp.com

Motegi, Sunday, October 02, 2011
