ALICE MOTORRAD GRAND PRIX DEUTSCHLAND
Computerised results and timing service provided by
3671 m.
Sachsenring
125cc
Race
Lap Chart 22
TISSOT
Pos
Grid 1
1
38
2
17
3
24
4
6
5
63
6
71
7
35
8
11
9
12
10
99
11
33
12
51
13
18
14
44
15
45
16
34
17
22
18
93
19
87
20
77
21
60
22
7
23
29
24
73
25
16
26
8
27
21
28
56
29
85
30
30
31
95
32
5
33
88
34
72
35
86
36
41
37
48
38
69
39
1 17 24 38 6 18 11 71 63 33 1 45 44 35 12 34 29 77 51 93 7 87 60 16 73 8 5 56 21 22 30 99 85 95 69 72 88 48 41 86
2 17 24 6 38 18 11 1 63 71 35 33 45 29 44 34 93 12 77 51 7 87 60 73 8 56 5 22 21 30 99 85 72 95 69 48 88 41 86 16
3 24 6 17 38 18 1 63 11 35 71 33 29 45 93 44 51 77 12 7 60 87 73 22 56 5 30 99 21 85 72 34 95 48 41 69 88 16 8
4 6 24 17 38 1 18 63 11 35 71 33 29 45 93 12 44 51 77 7 60 87 73 22 99 30 21 85 5 72 95 48 41 69 88 16 56 8
5 17 6 24 38 1 18 63 11 35 71 29 33 45 93 12 44 77 51 87 7 73 22 30 21 85 5 72 95 48 41 69 88 16 99 60 8
6 17 24 38 1 6 18 63 11 35 29 71 33 93 45 12 77 87 44 7 51 22 73 30 21 85 5 72 95 48 69 41 88 16 60 8
7 24 17 38 6 1 63 18 11 35 33 93 71 29 45 12 77 87 7 51 22 44 73 30 21 85 5 72 95 69 48 41 88 16 8 60
8 17 38 24 6 1 63 11 18 35 33 45 93 71 12 29 77 87 7 22 51 44 73 30 21 85 5 72 95 69 48 88 41 16 8 60
9 38 24 17 1 63 11 35 18 6 45 33 93 12 71 77 87 29 22 51 7 44 73 30 21 85 72 5 95 69 48 16 41 88 8 60
10 38 24 17 1 63 11 35 18 6 45 33 93 12 71 77 22 87 51 29 7 44 73 30 21 85 72 5 95 69 16 41 88 8 60
11 38 24 17 63 1 11 35 18 6 45 33 93 12 71 77 87 22 51 7 29 44 30 73 21 85 72 5 95 69 16 41 88 60 8
12 38 24 17 63 1 11 18 35 6 45 33 93 71 87 12 22 77 51 7 29 30 44 73 21 85 72 5 95 69 16 41 88 8 60
13 38 24 63 17 1 11 18 35 6 45 33 93 87 71 22 12 77 51 7 29 30 44 73 21 85 72 5 95 69 16 41 88 8
14 38 63 24 17 1 11 18 35 45 93 12 33 87 22 71 77 51 29 7 30 44 73 21 85 6 5 72 95 69 16 41 88 8
15 38 63 17 24 1 11 18 35 45 93 12 87 33 71 22 77 51 29 7 30 44 73 85 21 72 5 95 69 16 41 8
16 38 63 17 1 24 11 18 35 45 93 71 87 22 12 77 51 29 7 30 44 73 85 72 5 95 69 16 41 8
17 38 63 17 1 24 11 18 35 45 71 22 93 87 29 12 77 51 7 30 44 73 85 72 5 95 69 16 41 8
18 63 38 17 1 24 11 18 35 45 87 93 71 22 29 12 77 7 30 51 44 73 85 72 5 95 69 16 41 8
19 63 17 38 1 24 11 18 35 45 87 93 71 22 29 12 77 7 30 44 51 73 85 5 95 72 69 16 41 8
20 63 17 38 1 24 11 18 35 45 87 71 93 22 29 12 77 7 30 51 44 73 85 5 95 72 69 41 8
21 63 17 1 38 24 11 18 35 45 87 71 93 22 29 77 12 7 30 51 44 73 85 5 95 72 69 41 8
22 63 17 1 38 24 11 18 35 45 87 93 71 22 29 77 12 7 30 51 44 73 85 5 95 72 69 8 41
23 63 17 1 38 24 11 18 45 87 93 71 22 77 12 29 30 7 51 44 73 85 5 95 72 69 41 8
24 63 17 1 38 18 24 11 45 93 87 71 77 22 12 29 30 7 51 44 73 85 5 95 72 69 8 41
25 63 17 1 38 24 18 11 45 93 12 22 29 77 30 87 7 44 51 73 85 5 95 69 72 8 41
26 63 17 1 38 18 24 11 45 12 93 29 77 30 22 87 7 44 51 73 85 5 95 69 72 41
27 63 17 1 38 24 11 18 45 12 93 77 29 30 87 22 7 44 51 73 85 5 69 95 72
L
a
p
s
Lapped riderWinner
Sachsenring, Sunday, July 13, 2008
These data/results cannot be reproduced, stored and/or transmitted in whole or in part by any manner of electronic, mechanical, photocopying, recording, broadcasting or otherwise now
known or herein after developed without the previous express consent by the copyright owner, except for reproduction in daily press and regular printed publications on sale to the public
within 60 days of the event related to those data/results and always provided that copyright symbol appears together as follows below.
© DORNA, 2008
Official MotoGP Timing by
www.motogp.com
TISSOT
