GP MONSTER ENERGY DE CATALUNYA
Results and timing service provided by
4727 m.
uit de Barcelona-Catalu
Moto2
Race
Lap Chart 31
Pos
Grid 53
1
36
2
40
3
11
4
94
5
54
6
12
7
5
8
22
9
77
10
39
11
21
12
15
13
55
14
3
15
81
16
23
17
60
18
4
19
88
20
19
21
49
22
18
23
7
24
30
25
96
26
95
27
8
28
2
29
70
30
45
31
97
32
25
33
10
34
1 36 40 53 77 54 39 94 12 5 88 15 81 95 60 7 19 49 2 11 30 23 96 45 97 18 25 70 10 8 4 55 21
2 40 53 36 77 54 39 12 94 15 5 81 95 88 7 60 19 49 23 30 2 96 45 97 18 25 70 10 8 4 21
3 53 40 36 77 12 54 5 81 88 15 95 60 7 19 49 23 30 2 45 97 96 18 25 70 10 8 4 21
4 40 53 36 77 12 54 81 5 88 15 60 95 7 19 49 23 30 97 2 96 25 45 70 18 10 8 4 21
5 53 40 36 77 12 54 81 5 88 15 95 60 7 19 49 23 30 97 2 25 96 45 70 18 10 8 21 4
6 53 40 36 77 12 54 81 5 88 15 60 95 7 19 49 23 30 97 2 25 96 45 70 18 8 10 21 4
7 53 40 36 12 77 81 54 5 88 15 60 95 7 19 49 23 30 97 2 25 96 45 70 18 8 10 21 4
8 53 40 36 12 77 81 54 5 88 15 95 60 19 7 49 23 30 2 97 25 96 45 70 18 8 10 21 4
9 53 40 36 12 77 81 5 54 88 15 60 95 19 7 23 49 30 97 2 96 45 25 70 18 8 10 21 4
10 53 40 12 36 77 81 5 54 15 88 95 60 19 7 23 49 30 96 97 2 70 45 25 18 8 10 21 4
11 53 40 12 77 36 81 5 54 15 88 95 60 19 7 23 49 30 96 97 2 70 45 25 18 8 10 21 4
12 53 40 12 77 36 81 5 54 15 88 19 95 60 7 23 49 30 96 97 2 70 45 25 18 8 10 21 4
13 53 40 12 77 36 81 5 54 15 88 95 19 60 7 23 49 30 96 97 2 70 45 25 18 8 10 21 4
14 53 40 12 77 36 81 5 54 88 15 19 95 60 7 23 49 30 96 2 97 70 45 25 18 8 10 21 4
15 53 40 12 77 81 36 5 54 88 15 19 95 7 49 60 23 30 96 2 97 70 45 25 18 8 10 21 4
16 53 40 12 77 81 36 5 54 88 15 95 19 7 49 23 60 30 96 2 97 70 45 25 18 8 10 21 4
17 53 40 12 36 5 54 88 15 77 19 95 49 7 60 23 30 96 97 2 70 45 25 18 8 21 10 4
18 53 40 12 36 5 54 88 15 77 49 95 7 23 60 30 96 2 97 70 25 18 8 21 45 10 4
19 53 40 12 36 5 54 88 15 49 95 7 23 60 30 96 77 97 70 2 25 18 8 21 45 10 4
20 53 40 12 36 5 54 88 49 95 23 7 60 30 96 77 2 97 70 25 18 8 21 45 10 4
21 53 40 12 36 5 54 88 95 49 7 23 60 30 96 77 2 97 70 25 18 21 8 45 10 4
22 53 40 12 36 5 54 88 95 49 23 7 60 30 96 77 2 97 70 25 18 21 8 45 10 4
23 53 40 5 36 12 54 88 49 23 95 7 60 30 77 96 2 97 70 25 18 21 8 45 10 4
L
a
p
s
Lapped riderWinner
Barcelona, Sunday, June 15, 2014
These data/results cannot be reproduced, stored and/or transmitted in whole or in part by any manner of electronic, mechanical, photocopying, recording, broadcasting or otherwise now
known or herein after developed without the previous express consent by the copyright owner, except for reproduction in daily press and regular printed publications on sale to the public
within 60 days of the event related to those data/results and always provided that copyright symbol appears together as follows below.
© DORNA, 2014
Official MotoGP Timing by
www.motogp.com
TISSOT
