uit de Barcelona-Catalu Results                   and timing service provided by
                                                                                                                                                                      Moto3
                                  GP MONSTER ENERGY DE CATALUNYA
                                  Race
          4727 m.                 Lap Chart                                                                                                                                           31
Pos        1 2 3 4 5 6 7 8 9 10 11 12 13 14 15 16 17 18 19 20 21 22 23 24 25 26 27 28 29 30 31 32 33 34 35
Grid      12 33 42 41 31 32 44 7 8 17 84 23 58 19 98 5 10 63 52 21 38 3 11 6 43 57 61 9 51 65 55 95 4 91 22


     1    12 33 42 31 41 32             7    8   5 17 84 21 44 98 52 10 19 63 58 43 38 91                          6    9 11 61       4 57     3 95 65 51 55 22
     2    12    7 42 32       5 33 41        8 31 17 21 84 44 52 10 98 19 63 58 43                        9 91 11 61 57          3 65 95       4 55 51 22
     3    12    7 42 32       5 41 33 31         8 17 21 84 44 52 98 10 19 58 63 43                       9 91 11 3 61 57 65 95 51 55                    4 22
     4    12    7    5 33 41 32         8 31 21 17 44 52 84 10 98 19 58 63 43 11 91                           9    3 57 65 61 95 51 55              4 22 42
     5    12    5    7 32 41 33         8 31 17 21 10 44 98 19 52 84 58 63 43 11 91                           3    9 65 57 61 95 51            4 55 22
     6    12    5    7 32 41 33         8 31 17 21 10 98 19 44 84 58 52 63 43 91 11 65                             3 57     9 61 95 51 55           4 22
     7    12 33      7 31 32       5    8 41 21 17 10 98 44 19 84 58 63 52 43 11 91 65                             3    9 57 61 95 51 55 22              4
     8    12 33      7    5 31     8 32 21 41 17 44 84 10 58 98 19 52 63 11 91 43                             3 65 57       9 61 95 51 55 22             4
     9    12    5    7 33     8 31 32 21 41 17 44 10 58 98 84 19 52 63                          3 91 43 11 9 65 57 61 51 95 22                      4 55
    10    12    5    7 33     8 31 32 41 21 17 10 98 44 58 84 19 63 52 43 91                              3 65 11 9 61 57 51 95 55 22                    4

L   11    12 33      7    5 32 41 31         8 21 17 44 84 19 10 98 58 52 63 11 43 91 65                           9    3 61 57 51 95 55 22              4
a   12    12    5    7 32 33 41 31           8 17 21 44 84 10 19 98 52 58 63 11 91 43                         3 65      9 57 61 95 51 55 22              4
p               5    7 32 33 41 31           8 17 21 84 44 10 98 19 52 58 63 43 91                        3 11 65 57 61          9 51 95 55 22           4
s
    13    12
    14    12    5    7 33 32 31 41           8 17 21 44 84 10 98 19 52 58 63 11 43 65 91 61 57                              9    3 51 95 55 22           4
    15    12    5    7 33 31 41 32           8 17 21 10 98 19 84 44 52 58 63 43 65 91 61 57 11 3                                 9 51 95 55 22           4
    16    12    5    7 33 31 41         8 32 17 21 19 98 10 84 44 52 63 58 61 91 43 57                             3 65 11 9 51 95 55 22                 4
    17    12    5 33      7 31 41       8 32 21 17 84 10 98 44 19 63 52 61 43 57                          3 91 65 11 9 51 95 58 55 22                    4
    18    12    5 33 41       7 31 32        8 21 17 10 98 84 44 19 52 63 61 43                      3 57 91 65 11 9 51 95 58 55 22                      4
    19    12    5 33 31       7 41 32        8 21 17 84 44 98 10 19 52 63 61 43 57                        3 65 91 11 9 51 95 55 58 22                    4
    20    12 33      7 31     5 32 41        8 21 17 10 44 98 19 84 63 52 61 43                      3 57 65 91 11 9 51 95 55 58 22                      4
    21    12    7    5 33 32 31 41           8 17 21 10 44 98 19 63 84 52 43 61                      3 57 65 91 11 9 51 95 58 55 22                      4
    22    12 33      7    8   5 41 32 31 17 21 10 44 19 98 84 63 52 61 65 43                              3 91 57 51 11 9 95 58 55 22                    4




          Winner                   Lapped rider
These data/results cannot be reproduced, stored and/or transmitted in whole or in part by any manner of electronic, mechanical, photocopying, recording, broadcasting or otherwise now
known or herein after developed without the previous express consent by the copyright owner, except for reproduction in daily press and regular printed publications on sale to the public
within 60 days of the event related to those data/results and always provided that copyright symbol appears together as follows below.
© DORNA, 2014

Official MotoGP Timing byTISSOT
www.motogp.com

Barcelona, Sunday, June 15, 2014
