GP APEROL DI SAN MARINO E RIVIERA DI RIMINI
Results and timing service provided by
4226 m.
Misano World Circuit
Moto3
Race
Lap Chart 31
Pos
Grid 94
1
42
2
25
3
63
4
23
5
44
6
57
7
32
8
12
9
39
10
8
11
10
12
65
13
7
14
5
15
84
16
17
17
61
18
89
19
19
20
31
21
9
22
11
23
41
24
3
25
55
26
77
27
22
28
97
29
58
30
4
31
29
32
53
33
66
34
21
35
1 94 42 25 63 23 44 39 12 8 32 65 57 61 84 31 41 10 7 9 89 19 5 17 3 77 11 66 22 53 4 21 29 58 55
2 94 42 25 63 39 23 12 44 8 32 65 57 61 84 31 41 7 10 9 19 89 3 5 77 11 22 66 53 17 4 29 21 58 55
3 42 25 94 39 63 12 44 23 8 32 65 84 61 31 57 41 7 9 10 19 3 89 5 77 11 53 22 17 66 29 4 21 58 55
4 42 25 39 12 44 63 23 8 65 32 84 31 61 57 7 41 9 19 89 5 3 10 77 53 11 22 17 29 4 66 21 58 55
5 25 42 39 12 63 44 23 8 65 32 84 31 61 7 57 41 19 9 5 3 89 10 77 53 11 22 17 29 4 21 66 58 55
6 25 42 39 12 63 44 23 8 65 32 84 31 61 7 41 57 5 3 19 89 10 77 53 22 17 11 4 29 21 66 58 9 55
7 25 42 12 39 44 63 23 8 65 32 84 31 61 7 57 41 5 3 19 89 10 77 53 22 17 4 21 29 11 66 58 9 55
8 42 25 12 39 44 63 23 8 65 84 31 32 61 7 57 5 3 41 19 89 10 77 53 22 17 4 21 29 11 66 58 9 55
9 42 25 12 39 63 44 23 8 65 84 7 31 61 32 5 57 3 41 19 89 10 22 53 77 17 21 29 11 66 58 9 55
10 42 25 12 39 63 44 23 8 65 84 7 31 61 32 5 57 3 41 19 89 10 22 53 17 77 21 29 11 66 58 9 55
11 42 25 12 39 63 44 23 8 65 84 31 7 61 32 5 57 3 41 19 89 10 22 53 17 77 21 29 66 11 58 55 9
12 42 25 12 63 39 44 8 23 65 84 31 7 32 61 5 57 41 3 19 89 10 22 17 77 53 29 21 11 66 58 55 9
13 25 42 12 39 63 44 8 23 65 84 31 7 32 5 61 57 41 19 89 10 22 17 77 53 29 21 11 66 58 55 9
14 25 42 12 39 44 63 8 23 65 84 31 7 5 32 61 57 41 19 89 22 17 77 29 53 21 11 66 10 58 55 9
15 25 42 12 39 44 23 63 8 65 84 31 7 61 5 32 57 41 19 89 22 17 77 29 53 21 11 66 58 55 9
16 25 42 12 39 44 23 63 8 65 84 31 7 61 5 32 57 41 19 89 22 17 53 77 29 21 11 58 55 9 66
17 25 42 12 63 39 23 44 8 65 84 31 61 5 7 32 19 41 89 57 22 17 53 29 21 77 11 55 58 9
18 25 42 12 39 63 23 44 8 65 84 31 5 61 7 32 19 89 41 57 22 17 53 29 21 77 11 55 9 58
19 25 42 12 39 63 44 8 23 65 5 31 7 84 61 32 19 89 41 57 22 17 53 29 21 77 11 55 9 58
20 25 42 12 39 63 44 8 23 65 5 7 31 84 32 61 19 89 41 57 22 17 53 21 77 29 11 55 9 58
21 25 42 12 63 39 8 23 44 65 5 7 31 84 61 32 89 19 41 57 22 17 53 21 77 11 9 55 58 29
22 25 42 12 63 39 23 8 44 65 5 7 31 32 84 61 89 19 41 57 22 17 53 21 77 11 55 9 58 29
23 42 25 12 39 8 63 44 23 65 5 31 7 84 32 61 19 89 41 22 17 53 11 77 21 55 9 58
L
a
p
s
Lapped riderWinner
Misano Adriatico, Sunday, September 15, 2013
These data/results cannot be reproduced, stored and/or transmitted in whole or in part by any manner of electronic, mechanical, photocopying, recording, broadcasting or otherwise now
known or herein after developed without the previous express consent by the copyright owner, except for reproduction in daily press and regular printed publications on sale to the public
within 60 days of the event related to those data/results and always provided that copyright symbol appears together as follows below.
© DORNA, 2013
Official MotoGP Timing by
www.motogp.com
TISSOT
