G.P. RED BULL DE LA REPÚBLICA ARGENTINA
Results and timing service provided by
4806 m.
Termas de Río Hondo
MotoGP
Race
Lap Chart 31
Pos
Grid 93
1
41
2
29
3
35
4
99
5
4
6
9
7
46
8
25
9
38
10
45
11
8
12
68
13
50
14
7
15
6
16
17
17
44
18
19
19
69
20
43
21
76
22
63
23
33
24
15
25
1 93 99 41 35 4 29 9 46 25 38 68 45 44 6 43 76 8 50 17 69 33 7 63 19 15
2 93 35 99 4 29 41 46 9 68 25 38 45 44 6 43 8 76 50 69 17 7 63 33 19 15
3 93 35 4 29 99 46 41 9 68 38 45 25 44 6 8 43 50 76 69 7 17 63 19 33 15
4 93 35 4 29 99 46 41 9 68 38 45 25 44 6 8 43 69 76 50 7 63 17 19 33 15
5 93 35 4 29 99 46 41 9 38 68 45 44 25 6 8 43 69 76 50 7 17 63 19 33 15
6 93 35 4 29 46 99 41 38 9 68 44 45 6 25 43 8 69 76 7 50 63 19 17 33 15
7 93 35 4 29 46 99 41 38 9 44 45 6 25 43 8 69 76 50 63 7 19 17 33 15
8 93 4 35 29 46 99 41 38 9 44 45 6 25 43 8 69 76 50 63 7 19 17 33 15
9 93 4 35 46 29 99 41 38 44 9 45 6 25 43 8 69 76 50 7 63 19 17 33 15
10 93 4 46 35 29 99 38 41 44 45 9 6 25 43 8 69 76 50 7 63 19 33 17 15
11 93 46 4 29 35 99 38 41 44 45 9 6 25 8 43 69 76 50 7 63 19 33 17 15
12 93 46 4 29 35 99 38 41 44 45 9 6 25 8 43 69 76 7 50 63 19 33 17 15
13 93 46 4 29 35 99 38 41 44 45 9 25 6 8 43 69 7 76 50 63 19 33 17 15
14 93 46 4 29 35 99 38 41 44 45 25 9 6 8 43 69 7 76 50 63 19 17 33 15
15 93 46 4 29 35 99 38 41 44 45 9 25 8 6 43 7 69 76 50 63 19 17 33 15
16 93 46 4 35 29 99 38 41 44 45 25 9 8 6 43 7 69 76 50 63 19 17 33 15
17 93 46 4 35 29 99 38 41 44 45 25 9 8 6 43 69 7 76 50 63 19 17 33 15
18 93 46 4 35 29 99 38 41 44 45 25 9 8 43 6 7 69 76 50 63 19 17 33 15
19 93 46 4 35 29 99 38 41 44 45 25 9 8 43 6 69 7 76 50 63 19 17 33 15
20 93 46 4 35 29 99 38 41 44 45 25 9 8 43 6 7 69 76 50 63 19 17 33 15
21 93 46 4 35 29 99 38 41 44 45 25 9 8 43 7 6 69 76 63 50 19 17 33 15
22 93 46 4 35 29 99 38 41 44 45 25 9 8 43 7 6 69 76 63 50 19 33 17 15
23 93 46 4 35 29 99 38 41 44 45 25 9 7 8 43 6 69 76 63 50 19 33 17 15
24 46 4 29 35 99 38 41 44 45 25 9 7 43 8 69 76 6 50 63 19 33 17 15
25 46 4 35 29 99 38 41 44 45 25 9 43 8 76 6 69 50 63 19 33 17 15
L
a
p
s
Lapped riderWinner
Termas de Río Hondo, Sunday, April 19, 2015
These data/results cannot be reproduced, stored and/or transmitted in whole or in part by any manner of electronic, mechanical, photocopying, recording, broadcasting or otherwise now
known or herein after developed without the previous express consent by the copyright owner, except for reproduction in daily press and regular printed publications on sale to the public
within 60 days of the event related to those data/results and always provided that copyright symbol appears together as follows below.
© DORNA, 2015
Official MotoGP Timing by
www.motogp.com
TISSOT
