CINZANO AUSTRALIAN GRAND PRIX
Computerised results and timing service
4448 m.
Phillip Island
125cc
Race
Lap Chart
22
Pos
Grid 15
1
48
2
27
3
21
4
34
5
23
6
36
7
3
8
6
9
10
10
52
11
14
12
22
13
33
14
7
15
63
16
47
17
32
18
50
19
25
20
24
21
12
22
54
23
19
24
45
25
26
26
66
27
8
28
42
29
46
30
92
31
16
32
31
33
28
34
94
35
93
36
56
37
1 34 27 48 15 36 23 14 21 10 6 63 3 32 52 54 12 24 19 22 7 50 42 33 66 25 45 26 46 16 92 31 8 28 47
2 34 48 27 15 36 23 21 14 6 10 63 3 32 52 54 24 19 12 7 50 33 22 42 66 45 25 26 46 16 92 31 8 28 47
3 48 34 27 15 21 36 23 14 6 3 10 63 32 52 54 24 19 7 50 12 33 22 42 66 45 25 26 46 16 47 28 92 8 31
4 34 48 27 15 21 3 36 23 6 14 32 63 52 10 19 7 24 50 54 12 33 22 42 66 45 26 25 47 46 16 28 8 92 31
5 48 27 34 15 21 3 36 23 14 32 6 63 10 19 52 7 24 50 33 54 12 42 22 45 66 26 25 47 16 46 28 92 8 31
6 48 34 27 15 21 3 23 36 19 6 14 10 63 52 32 7 24 33 50 12 54 42 22 45 66 26 25 47 46 16 28 92 31 8
7 34 48 27 15 21 3 23 63 19 36 14 6 33 10 7 24 32 52 50 12 54 42 22 45 66 26 25 46 16 28 92 31 8
8 34 48 27 15 21 3 23 63 19 33 7 14 10 6 52 36 24 32 50 54 12 42 22 66 45 26 25 46 16 92 28 31
9 34 48 27 15 21 3 23 63 19 33 7 10 14 52 6 24 50 32 36 12 42 22 54 45 66 25 26 46 92 16 28 31
10 34 48 27 15 21 3 23 63 7 33 14 19 52 24 50 6 10 32 36 42 12 22 54 26 45 66 25 16 92 46 28 31
11 34 48 27 15 21 3 23 63 19 7 14 52 33 50 24 6 32 10 36 42 22 12 54 26 45 25 66 16 92 46 31 28
12 34 48 27 15 21 23 3 63 14 33 19 50 52 24 36 6 10 22 42 54 12 26 45 25 66 16 46 92 31 28
13 48 34 27 15 23 3 21 63 33 14 19 52 50 22 24 36 10 42 54 6 12 26 45 25 66 16 46 92 31 28
14 34 48 27 15 23 21 3 33 14 63 19 52 50 22 36 24 10 42 6 54 12 26 25 45 66 16 92 46 31 28
15 48 34 27 15 23 21 3 33 63 14 19 52 50 22 36 6 24 10 42 54 12 25 26 66 45 46 16 31 28 92
16 48 34 27 15 23 21 3 33 63 14 19 50 52 22 6 36 10 54 12 24 42 25 26 66 45 46 31 16 28 92
17 34 27 48 15 23 21 3 33 63 14 19 50 52 22 6 24 36 54 12 10 42 25 26 66 45 31 46 16 28 92
18 34 48 27 15 21 23 3 33 63 14 19 50 52 22 6 54 12 24 42 10 26 25 66 45 31 46 16 28 92
19 48 34 27 15 21 3 23 33 63 19 14 50 52 6 22 54 12 24 42 10 26 25 66 45 31 46 16 28 92
20 34 48 15 27 21 3 23 19 33 50 14 52 63 6 22 24 54 12 42 10 26 25 66 45 31 46 16 28 92
21 34 27 48 15 3 21 23 19 33 63 14 50 52 6 22 12 24 42 54 10 26 25 66 45 31 46 16 28
22 34 48 27 15 3 21 23 63 33 19 14 6 52 50 22 54 12 42 24 10 26 25 66 45 31 46 16 28
23 34 48 27 15 21 3 23 63 19 33 14 52 6 50 22 24 42 54 12 10 25 26 66 45 31 16 46 28
L
a
p
s
Lapped riderWinner
Phillip Island, Sunday, October 17, 2004
These data/results cannot be reproduced, stored and/or transmitted in whole or in part by any manner of electronic, mechanical, photocopying, recording, broadcasting or otherwise now
known or herein after developed without the previous express consent by the copyright owner, except for reproduction in daily press and regular printed publications on sale to the public
within 60 days of the event related to those data/results and always provided that copyright symbol appears together as follows below.
© DORNA, 2004
Official information of MotoGP
www.motogp.com
