RED BULL INDIANAPOLIS GRAND PRIX
Results and timing service provided by
4170 m.
anapolis Motor Speedw
Moto3
Race
Lap Chart 31
Pos
Grid 8
1
7
2
12
3
5
4
58
5
99
6
17
7
21
8
19
9
98
10
10
11
42
12
31
13
84
14
63
15
33
16
52
17
44
18
41
19
23
20
43
21
32
22
61
23
51
24
57
25
95
26
65
27
3
28
55
29
9
30
38
31
4
32
22
33
1 8 7 12 5 58 21 42 99 41 33 98 44 84 52 19 63 32 43 23 9 95 61 57 65 4 31 38 3 22 51 10 55
2 8 12 7 5 58 42 21 41 99 33 44 98 84 63 32 52 43 23 19 95 9 57 31 65 4 61 10 38 51 3 55 22
3 8 12 5 7 58 42 41 21 99 33 44 84 98 52 32 63 43 23 19 95 9 31 65 10 57 61 38 51 55 22
4 8 5 12 7 58 42 41 21 44 33 99 98 84 32 52 63 23 43 19 95 10 9 31 65 57 61 51 38 22 55
5 5 12 7 8 42 58 41 33 44 84 99 98 32 52 23 63 10 43 19 95 9 31 65 61 57 51 38 55 22 21
6 5 8 7 12 42 41 58 84 44 99 98 32 23 10 63 52 19 33 43 95 31 9 65 61 57 51 38 55 22 21
7 5 8 7 12 41 42 58 84 44 99 98 23 10 63 52 33 19 31 95 43 32 9 65 61 57 51 38 55 22 21
8 8 5 7 12 42 41 58 84 44 99 98 10 63 33 23 52 31 95 19 32 43 9 65 61 57 51 38 55 22 21
9 12 42 8 5 7 41 58 84 44 98 99 10 33 23 52 63 95 31 19 43 65 9 61 51 57 32 38 55 22 21
10 42 12 7 5 41 8 58 44 84 10 98 99 33 23 52 63 95 19 65 43 9 51 57 61 32 38 55 22 21
11 42 12 7 5 8 41 58 44 84 10 99 98 33 23 52 95 63 19 65 43 51 9 61 57 32 38 22 55 21
12 7 5 12 42 41 8 58 10 84 44 99 98 33 52 23 63 95 65 43 51 9 61 57 32 38 55 22 21 19
13 5 7 42 8 12 41 58 10 84 44 98 99 33 52 23 63 95 65 43 51 61 9 32 57 38 22 55 21 19
14 5 7 42 8 12 58 10 41 44 84 99 98 33 52 23 63 95 65 43 51 32 9 61 57 38 55 22
15 5 8 12 7 42 10 58 44 41 84 99 98 33 52 23 63 95 43 65 32 9 61 57 38 55 22 51
16 12 5 42 10 8 7 58 44 41 84 99 98 33 52 63 23 95 43 65 32 9 61 57 38 55 22 51
17 10 12 42 5 7 8 44 41 58 84 33 98 99 52 63 95 23 32 43 65 61 9 57 38 55 22 51
18 10 12 42 5 8 7 44 41 58 84 33 52 98 99 63 95 23 32 43 65 61 9 57 38 55 22 51
19 10 8 12 42 5 7 44 41 58 84 33 52 98 99 95 63 23 32 65 43 61 9 57 38 55 22 51
20 5 7 8 42 10 12 44 41 58 84 33 52 98 99 95 63 23 32 65 43 61 57 9 38 55 22 51
21 7 5 42 8 44 12 10 58 41 84 33 52 98 99 63 95 23 32 43 65 61 57 9 38 55 22 51
22 5 7 42 8 12 10 44 58 41 84 33 52 98 99 63 95 32 23 43 65 61 57 9 38 55 22 51
23 7 5 8 10 42 12 44 58 41 84 33 52 98 99 63 95 32 23 43 65 61 57 9 38 55 22 51
L
a
p
s
Lapped riderWinner
Indianapolis, Sunday, August 10, 2014
These data/results cannot be reproduced, stored and/or transmitted in whole or in part by any manner of electronic, mechanical, photocopying, recording, broadcasting or otherwise now
known or herein after developed without the previous express consent by the copyright owner, except for reproduction in daily press and regular printed publications on sale to the public
within 60 days of the event related to those data/results and always provided that copyright symbol appears together as follows below.
© DORNA, 2014
Official MotoGP Timing by
www.motogp.com
TISSOT
