Lap Chart
CINZANO BRITISH GRAND PRIX
Computerised results and timing service
4023m
Donington Park
250cc
22
Pos
Grid 19
1
56
2
4
3
13
4
74
5
6
6
14
7
77
8
24
9
26
10
9
11
21
12
44
13
10
14
8
15
16
16
22
17
30
18
42
19
41
20
18
21
37
22
25
23
15
24
11
25
23
26
31
27
73
28
71
29
33
30
72
31
70
32
1 4 24 19 77 56 74 14 8 21 13 6 16 26 23 10 73 18 25 15 42 71 30 22 9 37 11 31 33 44 72 41 70
2 24 19 4 77 56 14 21 6 74 8 26 16 18 23 73 25 15 10 37 71 42 9 30 31 11 72 44 41 33 70
3 19 24 4 77 56 14 21 74 6 8 16 26 15 18 25 37 73 23 71 9 10 30 42 31 11 41 72 44 33 70
4 19 4 77 24 56 14 21 74 6 16 26 8 37 18 15 25 71 73 10 23 9 31 30 42 41 11 72 33 44 70
5 19 4 77 24 56 14 21 74 16 26 6 18 37 15 25 71 8 9 73 10 23 31 30 42 41 72 33 11 44 70
6 19 4 77 24 56 21 14 74 16 37 15 26 18 71 25 6 9 8 73 10 23 31 30 42 41 72 33 44 70
7 19 4 77 24 56 21 74 14 16 37 15 26 25 71 9 18 10 6 73 8 23 31 30 41 42 72 33 44 70
8 19 4 77 24 56 21 74 16 14 37 15 26 25 71 9 18 10 73 31 6 23 8 41 30 42 72 33 44 70
9 19 4 24 77 56 21 74 16 14 37 15 26 25 71 9 10 18 31 73 6 23 8 41 30 42 33 72 70
10 19 4 24 77 56 21 74 16 14 37 15 26 25 71 9 10 31 73 41 23 6 8 30 42 33 72 70
11 19 4 24 77 56 21 74 16 37 14 15 25 71 9 10 26 31 73 41 23 6 8 30 42 33 72 70
12 19 4 24 77 56 21 16 74 37 15 14 25 71 9 10 26 31 41 73 23 6 8 30 42 33 72 70
13 19 4 24 77 56 21 16 74 14 71 25 9 26 10 31 41 73 6 8 23 30 42 33 72 70
14 19 4 24 77 56 21 74 16 14 71 9 25 31 10 41 73 6 8 23 26 42 30 33 72 70
15 19 4 24 77 56 16 21 74 14 71 9 25 31 10 41 8 6 23 73 26 42 30 33 72 70
16 19 4 24 56 16 21 74 14 9 71 25 31 10 41 6 8 23 26 73 42 30 33
17 19 4 24 56 16 74 21 14 9 71 25 31 10 41 6 8 26 23 73 42 30 33
18 19 4 24 56 74 16 21 14 9 71 31 25 10 6 8 41 26 23 42 30 73
19 19 4 24 56 74 16 14 9 31 71 25 6 8 10 41 26 42 30 23 73
20 19 4 24 56 74 16 14 9 71 6 31 8 25 42 30 10 41 26 23 73
21 19 4 24 56 74 16 6 8 14 9 71 31 25 42 30 41 26 10 23 73
22 19 4 24 56 6 74 16 8 14 9 42 30 71 31 25 26 41 23 10 73
23 19 4 24 56 8 6 16 74 30 9 71 31 25 42 26 41 23 10 73
24 19 4 24 8 6 56 16 74 30 9 42 71 31 25 26 41 23 10 73
25 19 4 24 8 6 56 30 16 74 42 9 71 31 25 26 41 23 10 73
26 19 4 6 8 24 56 30 16 74 42 9 71 31 25 23 26 41 10 73
27 6 19 8 4 24 30 56 16 42 74 9 31 71 25
L
a
p
s
Lapped riderWinner
Donington, Sunday, July 09, 2000
MotoGP MotoGP MotoGP MotoGP MotoGP MotoGP MotoGP MotoGP MotoGP MotoGP MotoGP MotoGP MotoGP MotoGP MotoGP MotoGP MotoGP MotoGP MotoGP MotoGP MotoGP MotoGP MotoGP MotoGP MotoGP MotoGP MotoGP MotoGP MotoGP MotoGP MotoGP MotoGP MotoGP MotoGP MotoGP MotoGP MotoGP MotoGP MotoGP Moto
Official information of MotoGP
