IVECO TT ASSEN
Computerised results and timing service provided by
4542 m.
Assen
Moto3
Race
Lap Chart 19
TISSOT
Pos
Grid 11
1
52
2
27
3
55
4
31
5
25
6
10
7
44
8
84
9
39
10
23
11
96
12
61
13
89
14
19
15
42
16
5
17
63
18
41
19
99
20
26
21
40
22
9
23
7
24
21
25
32
26
15
27
22
28
3
29
77
30
53
31
30
32
8
33
51
34
94
35
1 52 11 55 27 31 25 39 10 96 84 44 61 63 42 41 23 5 89 9 19 32 99 8 26 7 40 15 21 53 77 30 3 51 94 22
2 11 25 52 55 39 31 27 96 10 44 61 42 84 63 41 5 23 89 19 9 26 7 32 99 8 40 53 15 77 21 51 3 30 22 94
3 11 55 31 96 25 39 44 52 27 10 42 61 63 84 41 5 23 89 26 19 7 9 32 99 15 53 40 77 8 21 51 22 3 94 30
4 11 96 25 39 55 31 44 27 52 42 61 10 63 84 41 5 23 89 7 19 26 9 32 99 53 15 40 77 8 21 51 3 22 30
5 11 39 55 96 52 31 25 27 42 10 44 63 61 84 41 89 7 5 23 26 19 32 9 99 15 53 8 40 21 77 51 3 22 30
6 11 39 96 52 25 31 55 42 27 63 10 44 61 41 84 7 89 5 19 9 26 32 23 99 15 53 8 40 77 51 21 3 22 30
7 11 52 39 25 96 42 27 31 55 44 63 10 61 7 89 41 84 9 5 26 19 23 99 32 15 53 8 40 77 51 21 3 22 30
8 25 52 39 11 42 27 96 31 55 44 10 63 7 61 89 26 41 84 9 19 5 23 32 99 15 40 53 8 77 51 21 3 22 30
9 25 39 11 42 52 96 55 44 27 10 31 63 7 26 61 89 84 9 41 5 19 23 32 99 40 15 77 53 8 51 3 21 22 30
10 25 11 39 52 42 96 44 55 63 31 10 7 27 26 61 89 84 9 41 5 23 19 32 99 8 77 53 40 51 15 3 21 22 30
11 25 11 52 39 42 96 63 44 55 31 10 27 7 61 26 89 9 5 84 23 32 19 41 99 53 77 15 40 51 21 3 22 30
12 25 11 52 39 42 96 63 44 31 55 10 27 61 7 89 26 9 5 23 84 41 32 19 99 15 77 53 51 40 22 3 21 30
13 25 11 52 39 96 63 42 10 44 27 31 61 55 7 26 9 89 5 23 84 41 19 32 99 15 51 77 40 53 22 3 21 30
14 25 39 11 52 96 42 63 10 31 44 27 55 7 61 26 9 89 5 84 23 41 19 32 99 40 15 53 51 22 77 3 21 30
15 25 39 11 96 52 63 42 7 31 44 55 10 61 9 26 89 84 5 23 19 32 41 99 40 15 53 51 3 77 21 22 30
16 25 11 52 39 96 42 63 7 31 44 10 55 61 9 26 89 84 5 23 19 32 41 40 53 15 51 77 3 21 22 30
17 25 11 52 96 39 42 63 31 7 44 10 61 55 26 5 9 84 89 23 41 19 32 40 53 15 51 77 21 3 22
18 25 11 52 96 39 42 31 63 7 44 10 55 26 5 89 9 61 84 23 41 19 32 40 53 15 51 22 77 21 3
19 25 11 39 52 96 42 31 7 44 63 10 5 26 55 89 84 9 61 23 41 19 32 53 40 15 22 51 3 21 77
20 25 11 52 39 96 42 31 7 63 44 10 5 55 89 9 26 84 61 23 41 32 19 15 53 40 22 51 3 21 77
21 52 11 25 39 96 42 7 31 10 44 63 5 89 61 55 9 26 84 23 32 41 19 15 53 22 51 40 3 21
22 25 11 52 39 96 42 10 31 7 44 63 5 84 9 55 61 89 26 23 41 32 19 15 53 22 40 51 3 21
L
a
p
s
Lapped riderWinner
Assen, Saturday, June 30, 2012
These data/results cannot be reproduced, stored and/or transmitted in whole or in part by any manner of electronic, mechanical, photocopying, recording, broadcasting or otherwise now
known or herein after developed without the previous express consent by the copyright owner, except for reproduction in daily press and regular printed publications on sale to the public
within 60 days of the event related to those data/results and always provided that copyright symbol appears together as follows below.
© DORNA, 2012
Official MotoGP Timing by
www.motogp.com
TISSOT
