            Assen                  Computerised results and timing service provided by TISSOT
                                                                                                                                                                      Moto2
                                  IVECO TT ASSEN
                                  Race
          4542 m.                 Lap Chart                                                                                                                                           19
Pos        1 2 3 4 5 6 7 8 9 10 11 12 13 14 15 16 17 18 19 20 21 22 23 24 25 26 27 28 29 30 31 32 33
Grid      93 40 29 4 77 3 45 38 15 12 80 36 14 30 88 44 71 76 5 49 24 63 60 19 18 8 7 95 72 50 57 10 82


     1    40 77 93 29 45 36 38               3   4 15 80 30 24           5 19 63 88 71 76 60 44               8 18 72 49         7 95 50 57 10 82 14
     2    77 29 93 45 36 38             3 80 24 15         5   4 19 30 88 71 63 76 60 44                  8 18 72 49 95          7 50 57 10 82 14
     3    77 29 45 93 38           3 80 36 24         5 15     4 19 71 63 88 76 60 44 30                  8 18 49 72 95          7 10 50 82 57 14
     4    29 77 45 93          3 38 36 80        5 15 24       4 19 63 88 60 76 44 30 71                  8 49 18 72 95          7 10 50 57 82 14
     5    29 45 77 93          3 38 36 80 15          5 24     4 19 63 88 60 76 30 71 44                  8 18 49 95 72          7 10 50 57 82 14
     6    29 45 77 93          3 38 80 36 15 24            5   4 19 63 88 60 76 30 71 44 18                   8 49      7 72 95 10 50 57 82
     7    29 45 93 77          3 38 80 36 15          5 24     4 63 19 88 60 30 76 71 44 18 49                     8    7 72 95 10 50 57 82
     8    29 45 93 77          3 38 80 36 15          5 24     4 63 19 88 60 30 71 76 44 18                   8    7 72 95 10 50 57 82 49
     9    29 45 93        3 77 80 38 15 36            5 24     4 19 63 88 60 30 71 76 18 44                   7    8 72 95 10 50 57 82
    10    29 45 93 77 80 15             3 36 38       5    4 24 19 63 88 60 71 76 30 18 44                    7 72 95        8 10 50 57 82

L   11    29 93 45 77 80 15             3 36 38       5    4 24 19 63 60 88 76 30 71 18 44                    7 95 72        8 10 50 57 82
a   12    29 93 45 80 15 77             3 36 38       4    5 24 19 60 63 88 76 30 71 18 44                    7 95 72        8 10 50 57 82
p         29 93 45 80 15           3 77 36 38         4 24     5 19 60 63 88 76 30 18 71 44                   7 95 72        8 10 50 57 82
s
    13
    14    29 93 80 45 15           3 77 38 36         4 24     5 19 60 63 88 76 30 18 71 44                   7 95 72        8 10 57 82 50
    15    29 93 80 15 45 77 38 36                4 24      5 19 63 60 76 88 30 18 71 44 95                    7 72      8 10 57 82
    16    29 93 80 45 15 38 77 36 24                  4    5 63 19 60 76 30 88 18 71 44 95                    7 72      8 10 57 82
    17    29 93 80 45 15 38 77 36 24                  4    5 63 19 60 76 30 88 18 71 44 95                    7 72      8 10 57 82
    18    29 93 80 45 15 38 77 36 24                  4    5 19 63 60 30 76 88 18 71 44 95                    7 72      8 10 57 82
    19    29 93 45 80 15 38 77 36                4 24      5 19 63 30 76 60 88 18 71 44 95 72                      7    8 10 57 82
    20    29 93 45 80 15 38 77 36                4 24      5 19 30 76 63 60 88 18 71 44 95 72                      7    8 10 57 82
    21    29 93 45 80 15 38 77 36 24                  4    5 19 30 76 63 60 88 18 71 44 95 72                      7    8 10 57 82
    22    29 93 45 80 15 38 77 36 24                  5    4 30 19 76 60 63 88 18 71 44 72 95                      7    8 10 57 82
    23    29 93 45 80 15 38 77 36 24                  5    4 19 30 76 60 63 18 88 71 44 72 95                      8 10 57 82
    24    93 29 45 80 15 38 77               5 24 36       4 30 19 60 63 71 18 88 44 72 95                    8 10 57 82




          Winner                   Lapped rider
These data/results cannot be reproduced, stored and/or transmitted in whole or in part by any manner of electronic, mechanical, photocopying, recording, broadcasting or otherwise now
known or herein after developed without the previous express consent by the copyright owner, except for reproduction in daily press and regular printed publications on sale to the public
within 60 days of the event related to those data/results and always provided that copyright symbol appears together as follows below.
© DORNA, 2012

Official MotoGP Timing byTISSOT
www.motogp.com

Assen, Saturday, June 30, 2012
