CARDION AB GRAND PRIX CESKE REPUBLIKY
Computerised results and timing service provided by
5403 m.
Automotodrom Brno
125cc
Race
Lap Chart 22
TISSOT
Pos
Grid 14
1
55
2
75
3
71
4
52
5
34
6
33
7
11
8
22
9
44
10
60
11
24
12
38
13
20
14
7
15
6
16
29
17
12
18
63
19
8
20
15
21
35
22
95
23
27
24
18
25
56
26
51
27
37
28
77
29
86
30
94
31
99
32
53
33
13
34
93
35
91
36
92
37
1 14 55 75 33 24 71 44 52 22 60 34 29 35 11 7 6 12 63 37 38 95 8 86 56 15 27 51 20 77 18 53 99 13 94 93 91 92
2 75 14 55 33 52 71 44 24 60 22 34 29 11 35 12 6 7 63 95 38 8 15 37 27 86 51 20 56 18 53 77 99 13 94 91 93 92
3 75 14 33 55 52 71 44 60 24 22 34 11 29 35 6 12 63 7 95 38 8 15 27 37 51 86 20 56 18 53 77 94 99 13 91 93 92
4 14 75 52 33 55 71 44 60 24 22 34 11 29 6 12 35 95 7 63 38 8 15 27 51 86 20 37 56 18 53 94 77 13 99 91 93 92
5 14 75 52 33 55 71 60 44 22 24 11 34 29 6 35 95 12 7 63 38 8 15 27 51 20 37 86 56 18 94 53 13 77 99 92 91 93
6 14 75 33 52 55 60 71 44 22 24 34 29 11 6 95 35 12 38 7 63 8 15 27 51 20 37 86 56 18 94 13 77 53 99 92 91 93
7 75 14 33 52 55 60 71 44 22 24 34 11 29 6 95 12 35 38 7 8 15 63 27 51 20 86 37 18 56 94 13 77 99 53 92 93
8 75 14 33 52 55 60 71 44 22 24 34 11 29 6 95 38 12 7 35 8 15 63 27 51 20 37 86 18 56 94 13 77 99 53 92
9 75 14 33 52 55 60 71 22 44 24 34 11 29 6 38 12 7 8 35 15 63 27 51 20 37 86 18 56 94 13 77 99 53 92
10 75 14 33 52 55 71 60 22 44 24 34 11 29 38 12 6 7 8 35 15 63 27 51 20 37 86 18 56 94 13 77 99 53 92
11 75 14 33 52 55 71 22 60 44 24 34 11 29 38 12 7 6 35 63 15 8 27 51 20 37 86 18 56 94 13 99 77 53 92
12 75 33 14 52 55 71 60 24 44 34 11 29 12 7 38 6 63 35 15 8 27 51 20 18 86 37 94 13 56 99 77 53 92
13 33 75 14 55 52 71 60 24 44 34 11 29 12 38 7 6 63 35 27 8 15 51 20 18 86 37 13 94 56 99 77 53 92
14 75 33 55 14 52 71 60 24 44 34 11 29 12 38 7 6 63 35 27 15 8 51 20 86 18 37 13 94 56 99 77 53 92
15 75 33 14 55 52 71 60 24 44 34 11 38 12 7 6 27 35 63 8 15 51 20 37 18 86 29 13 94 56 99 77 53 92
16 75 33 14 55 52 71 24 60 44 34 11 12 7 6 38 27 8 35 63 51 15 20 18 37 86 13 94 56 99 77 53 92
17 75 55 52 14 71 24 60 44 34 11 12 6 7 38 27 63 35 51 8 15 20 18 37 86 94 13 56 99 77 53 92
18 55 75 14 52 71 24 60 44 34 11 12 6 7 38 27 35 63 8 51 15 20 18 37 86 94 13 56 99 77 53 92
19 55 75 52 14 71 44 24 60 34 11 12 6 38 7 27 51 8 35 15 63 20 18 86 37 94 13 56 99 77 53
L
a
p
s
Lapped riderWinner
Brno, Sunday, August 19, 2007
These data/results cannot be reproduced, stored and/or transmitted in whole or in part by any manner of electronic, mechanical, photocopying, recording, broadcasting or otherwise now
known or herein after developed without the previous express consent by the copyright owner, except for reproduction in daily press and regular printed publications on sale to the public
within 60 days of the event related to those data/results and always provided that copyright symbol appears together as follows below.
© DORNA, 2007
Official MotoGP Timing by
www.motogp.com
TISSOT
