GRAN PREMIO MARLBORO DE ESPAÑA
Computerised results and timing service
4423 m.
Jerez
250cc
Race
Lap Chart
22
Pos
Grid 19
1
54
2
26
3
7
4
2
5
24
6
10
7
51
8
21
9
73
10
33
11
50
12
14
13
11
14
6
15
34
16
57
17
96
18
8
19
9
20
12
21
28
22
41
23
25
24
15
25
40
26
16
27
77
28
43
29
44
30
42
31
63
32
1 2 26 7 73 6 10 19 24 51 21 12 50 34 14 33 8 9 15 96 77 44 25 40 11 57 41 28 16 63 42 43
2 2 73 7 26 6 10 19 21 51 50 24 12 14 34 8 33 9 96 77 44 25 40 28 57 16 41 15 11 43 63 42
3 2 73 7 26 6 10 19 21 51 50 24 14 12 8 34 33 9 96 77 44 40 25 28 57 16 41 15 11 43 42 63
4 2 7 26 6 10 21 19 50 51 14 24 12 8 33 9 96 77 44 25 40 28 16 57 41 15 43 11 63 42
5 2 7 6 21 10 50 19 51 14 12 24 8 9 77 33 96 25 44 28 40 16 57 41 15 11 43 63 42
6 2 7 21 6 10 50 19 14 12 51 8 24 9 77 33 96 25 44 28 16 57 15 41 11 43 63 42
7 2 7 21 6 10 50 19 14 12 51 8 24 77 9 33 96 25 44 28 16 57 15 41 43 11 63 42
8 2 7 21 50 10 6 14 19 12 51 8 24 77 9 25 33 96 44 28 16 57 15 41 43 63 11 42
9 2 7 21 50 10 14 6 12 51 19 8 24 77 9 25 33 96 44 28 16 41 15 43 63 11 42
10 2 7 50 10 14 12 6 51 19 8 24 77 9 25 33 96 44 28 16 41 21 15 43 63 11 42
11 2 7 14 50 10 6 12 51 19 8 24 77 9 25 33 44 96 28 16 41 21 15 11 43 63 42
12 2 7 14 10 50 6 12 51 19 8 24 77 9 25 33 44 96 28 16 41 21 15 11 43 63 42
13 2 7 14 10 6 12 51 19 8 24 77 50 9 25 33 44 96 28 16 41 21 15 11 63 43 42
14 2 7 14 10 6 12 51 19 8 24 77 50 25 9 33 44 28 96 16 41 21 15 11 63 43 42
15 2 7 14 10 6 12 51 19 8 24 77 50 25 9 44 33 28 16 96 41 21 15 11 63 43 42
16 2 7 14 10 6 51 12 19 8 24 77 50 25 9 44 16 33 28 96 21 41 15 63 11 43 42
17 2 7 14 10 6 51 12 19 8 77 24 50 25 9 44 16 33 21 28 96 41 15 63 43 11 42
18 2 7 14 10 6 51 12 19 8 77 24 50 25 9 44 16 21 33 28 41 15 63 43 11 42
19 2 7 10 14 6 51 12 19 8 77 24 25 50 9 16 21 44 33 28 41 15 63 43 11 42
20 2 7 10 14 6 51 12 19 8 77 24 25 50 9 21 16 44 28 33 41 15 63 43 11 42
21 2 7 14 10 6 51 12 19 77 8 24 25 50 9 21 16 44 28 41 33 15 63 43 11 42
22 2 7 14 10 6 51 12 19 77 8 25 50 24 9 21 16 44 28 41 33 15 63 43 11 42
23 2 7 14 10 6 51 12 19 77 8 25 50 24 9 21 16 44 41 28 33 15 63 43 11 42
24 2 7 14 10 6 51 19 12 77 8 25 24 9 16 41 44 28 33 63 43 11 42
25 2 7 14 10 6 51 19 12 77 8 25 24 9 16 44 28 33 63 43 11
26 2 7 10 14 6 51 19 12 77 8 25 24
L
a
p
s
Lapped riderWinner
Jerez de la Frontera, Sunday, May 02, 2004
These data/results cannot be reproduced, stored and/or transmitted in whole or in part by any manner of electronic, mechanical, photocopying, recording, broadcasting or otherwise now
known or herein after developed without the previous express consent by the copyright owner, except for reproduction in daily press and regular printed publications on sale to the public
within 60 days of the event related to those data/results and always provided that copyright symbol appears together as follows below.
© DORNA, 2004
Official information of MotoGP
www.motograndprix.com
