AUSTRALIAN GRAND PRIX
Computerised results and timing service provided by
4448 m.
Phillip Island
125cc
Race
Lap Chart 22
TISSOT
Pos
Grid 63
1
38
2
17
3
18
4
29
5
11
6
35
7
24
8
1
9
77
10
45
11
93
12
51
13
33
14
99
15
44
16
22
17
12
18
6
19
8
20
34
21
56
22
5
23
21
24
95
25
7
26
73
27
16
28
48
29
72
30
26
31
36
32
28
33
91
34
70
35
46
36
32
37
92
38
60
39
1 11 29 63 93 1 6 33 17 24 45 44 12 51 8 7 56 16 22 21 36 72 48 28 26 95 70 91 46 35 5 18 38 34
2 63 1 29 93 17 33 6 45 24 44 12 51 7 8 56 16 22 21 72 48 36 28 26 95 70 91 11 46 35 38 34
3 63 1 29 17 93 33 6 45 24 44 51 12 7 8 22 56 16 21 72 48 11 36 28 26 91 70 46 38 34
4 63 1 29 6 17 33 93 45 24 44 51 12 7 22 8 56 16 21 11 72 48 36 26 28 91 70 46 38 34
5 63 1 29 17 6 33 45 93 44 24 51 12 7 22 8 11 56 16 21 72 36 48 26 91 28 70 46 38 34
6 63 1 29 17 6 33 45 44 93 24 51 12 11 22 7 56 8 21 16 72 36 48 26 28 91 70 46 38 34
7 63 1 17 29 6 33 45 44 51 12 24 93 11 7 22 8 56 21 16 72 26 48 36 91 28 70 46 38 34
8 63 1 17 6 29 33 45 44 51 12 93 24 11 7 22 8 16 21 72 26 36 48 28 91 70 46 38 34
9 63 1 6 17 29 33 45 51 44 12 93 24 11 7 22 8 21 72 36 26 48 28 91 70 38 34
10 63 17 6 1 29 33 51 45 12 44 93 24 11 22 7 8 21 72 26 36 48 28 91 70 38 34
11 63 17 29 6 1 33 51 12 44 45 93 24 11 22 7 8 21 72 36 48 26 28 91 38 34
12 63 17 6 29 1 33 51 12 44 24 93 45 11 7 22 8 21 72 36 28 26 91 38 48 34
13 63 1 29 17 33 44 24 93 12 45 11 6 7 8 22 21 72 36 26 28 91 38 48 34
14 63 17 1 29 24 44 93 12 45 11 7 6 8 22 21 72 26 28 36 91 38 48 34
15 63 17 29 1 44 93 12 24 11 45 7 22 6 8 21 72 26 28 36 91 38 34
16 63 17 1 29 44 93 12 24 11 45 22 7 8 6 21 72 26 28 36 38 91 34
17 63 17 1 29 44 93 12 24 11 45 22 7 8 6 21 72 26 28 36 38 91 34
18 63 17 1 29 12 93 44 24 11 45 22 7 8 6 72 21 26 38 28 36 91 34
19 63 17 1 29 93 12 44 24 11 45 7 6 8 22 72 21 38 26 28 36 91 34
20 63 17 29 1 44 93 24 12 11 45 6 8 7 22 72 21 38 26 28 36 91 34
21 63 17 1 29 44 12 93 24 11 45 22 8 6 7 72 21 38 26 28 36 91 34
22 63 17 1 29 44 93 12 11 24 45 6 7 22 8 72 21 26 28 36 91
23 63 17 1 29 44 11 12 93 24 45 7 8 22 6 21 72 26 36 28
L
a
p
s
Lapped riderWinner
Phillip Island, Sunday, October 05, 2008
These data/results cannot be reproduced, stored and/or transmitted in whole or in part by any manner of electronic, mechanical, photocopying, recording, broadcasting or otherwise now
known or herein after developed without the previous express consent by the copyright owner, except for reproduction in daily press and regular printed publications on sale to the public
within 60 days of the event related to those data/results and always provided that copyright symbol appears together as follows below.
© DORNA, 2008
Official MotoGP Timing by
www.motogp.com
TISSOT
