GAULOISES TT ASSEN
Computerised results and timing service
6027 m.
Assen
125cc
Race
Lap Chart
22
Pos
Grid 27
1
22
2
34
3
21
4
15
5
41
6
48
7
24
8
50
9
25
10
6
11
10
12
3
13
58
14
52
15
63
16
66
17
33
18
82
19
36
20
54
21
8
22
26
23
19
24
16
25
23
26
32
27
42
28
47
29
14
30
9
31
7
32
79
33
38
34
83
35
80
36
44
37
28
38
1 15 27 34 36 6 21 24 48 22 3 58 54 63 41 10 50 19 25 42 14 47 52 66 7 26 23 16 33 82 79 8 38 9
2 15 27 36 34 21 48 6 24 3 58 22 54 41 63 10 42 14 19 25 50 52 47 7 26 16 23 66 33 82 8 79 38 9
3 15 27 36 34 48 21 6 3 58 22 24 54 41 63 10 42 25 14 19 50 7 47 16 26 23 33 66 8 82 52 79 38 9
4 15 27 48 36 21 34 3 58 6 22 54 24 41 63 10 42 25 7 14 19 47 50 16 23 26 8 33 66 52 82 38 79 9
5 15 27 48 36 21 34 3 58 6 22 54 24 63 41 42 10 25 7 14 19 47 50 16 23 26 8 33 66 52 82 38 79 9
6 15 48 27 34 36 21 3 22 58 6 54 24 63 42 25 10 41 19 7 47 14 50 23 16 8 26 33 66 52 82 38 79 9
7 15 48 27 34 36 21 22 3 58 6 54 24 63 42 25 10 19 14 47 7 50 26 16 8 33 66 52 41 82 23 38 79 9
8 15 48 27 34 36 21 22 3 58 6 54 24 63 25 42 10 19 47 14 7 50 26 16 8 33 52 66 82 38 79 9
9 15 48 27 34 36 21 3 22 58 6 54 24 25 63 10 42 19 7 47 14 50 26 16 8 33 52 66 82 38 79 9
10 48 15 27 34 36 21 3 22 58 6 54 25 63 42 10 24 19 47 7 14 50 26 16 8 52 33 66 82 38 79 9
11 48 15 27 36 34 21 22 3 58 6 25 54 63 42 10 24 14 19 7 47 50 26 52 16 8 33 66 82 38 79 9
12 48 27 15 36 34 21 22 3 58 6 25 54 63 42 10 24 7 14 47 19 50 26 52 33 16 8 66 82 38 79 9
13 15 48 27 36 34 21 22 3 58 6 25 54 63 42 24 10 47 7 14 19 50 26 52 8 33 16 66 82 38 79 9
14 15 48 34 27 36 21 3 22 58 6 25 54 42 63 24 10 47 7 14 19 50 26 8 52 33 16 66 82 38 79 9
15 48 15 34 27 21 36 3 22 58 6 25 54 42 63 47 10 7 24 14 19 50 26 8 52 33 16 66 82 38 79 9
16 48 34 27 15 21 3 22 6 58 25 54 42 63 7 47 19 10 24 14 50 26 8 33 52 16 66 82 38 79 9
17 48 15 27 34 21 3 58 22 6 25 54 63 42 7 47 19 14 24 10 50 33 16 66 82
L
a
p
s
Lapped riderWinner
Assen, Saturday, June 26, 2004
These data/results cannot be reproduced, stored and/or transmitted in whole or in part by any manner of electronic, mechanical, photocopying, recording, broadcasting or otherwise now
known or herein after developed without the previous express consent by the copyright owner, except for reproduction in daily press and regular printed publications on sale to the public
within 60 days of the event related to those data/results and always provided that copyright symbol appears together as follows below.
© DORNA, 2004
Official information of MotoGP
www.motogp.com
