Lap Chart
MALAYSIAN GRAND PRIX
Computerised results and timing service
5548m
Sepang Circuit
125cc
22
Pos
Grid 5
1
21
2
4
3
1
4
41
5
11
6
3
7
9
8
32
9
16
10
26
11
23
12
12
13
17
14
8
15
29
16
22
17
18
18
15
19
35
20
53
21
39
22
51
23
24
24
10
25
49
26
48
27
1 41 5 32 1 21 4 23 8 17 11 12 49 3 26 18 15 16 29 35 9 10 24 22 51 39 53 48
2 41 5 32 1 21 23 4 8 17 11 12 3 26 16 18 29 35 15 22 9 10 24 53 51 39 48
3 41 5 32 1 21 4 23 8 17 12 11 3 26 16 29 18 22 35 15 9 10 51 24 53 39 48
4 41 5 1 32 21 4 23 17 8 3 11 12 26 16 22 29 35 15 18 9 10 51 53 24 39 48
5 41 32 5 1 4 21 23 3 8 11 26 17 12 16 29 22 15 35 18 9 10 51 24 53 39 48
6 41 1 32 5 4 21 23 3 8 11 26 17 12 16 29 22 15 35 18 9 51 10 24 53 39 48
7 41 1 5 32 4 21 23 26 3 8 17 11 16 12 22 29 15 35 18 9 10 24 51 53 39 48
8 41 1 5 32 4 21 23 26 3 8 17 16 11 12 22 29 15 35 18 9 24 10 51 39 53 48
9 41 1 32 4 5 21 23 3 26 8 17 16 11 12 22 29 35 18 9 10 24 51 39 53 15 48
10 41 1 32 5 4 23 21 3 17 16 26 8 11 12 22 29 35 18 9 10 39 24 51 15 53 48
11 41 5 32 1 4 23 17 3 8 16 26 11 22 29 35 9 18 15 24 39 51 10 53 48
12 41 5 4 1 32 23 3 17 8 16 26 11 22 29 35 9 18 15 39 24 51 10 48
13 41 4 32 5 1 23 3 17 8 16 26 22 11 29 35 18 9 15 24 51 39 48
14 41 4 32 5 1 23 17 3 8 16 26 22 11 29 35 18 9 15 24 51 39 48
15 41 4 32 1 5 23 17 8 3 16 26 22 11 29 35 9 18 15 24 48
16 41 4 32 1 5 23 17 8 3 16 26 22 29 11 35 9 18 15 24 48
17 41 4 32 1 23 5 8 3 17 16 26 22 29 11 35 15 18 9 24 48
18 41 4 32 1 23 5 8 17 3 16 26 22 29 11 35 15 18 9 24 48
19 4 41 32 1 5 23 8 3 17 26 22 29 11 16 35 15 18 9 24 48
L
a
p
s
Lapped riderWinner
Sepang, Sunday, April 02, 2000
MotoGP MotoGP MotoGP MotoGP MotoGP MotoGP MotoGP MotoGP MotoGP MotoGP MotoGP MotoGP MotoGP MotoGP MotoGP MotoGP MotoGP MotoGP MotoGP MotoGP MotoGP MotoGP MotoGP MotoGP MotoGP MotoGP MotoGP MotoGP MotoGP MotoGP MotoGP MotoGP MotoGP MotoGP MotoGP MotoGP MotoGP MotoGP MotoGP Moto
Official information of MotoGP
