Lap Chart
GRAN PREMIO CINZANO D'ITALIA
Computerised results and timing service
5245m
Mugello
125cc
22
Race
Pos
Grid 27
1
7
2
15
3
22
4
17
5
4
6
34
7
41
8
23
9
3
10
1
11
80
12
42
13
79
14
58
15
6
16
24
17
48
18
11
19
10
20
12
21
8
22
26
23
36
24
25
25
87
26
50
27
60
28
62
29
63
30
88
31
32
32
61
33
31
34
19
35
1 27 22 4 7 15 17 3 80 1 34 41 42 79 24 6 23 10 48 8 26 11 36 50 58 12 87 25 60 88 62 32 61 31 19 21
2 4 15 22 7 27 17 3 41 34 80 1 42 23 24 6 79 10 48 8 36 26 58 12 11 50 87 25 88 60 62 61 32 19 31 21
3 4 27 15 17 7 22 3 34 41 80 23 42 24 6 1 79 10 36 48 26 12 8 58 50 11 87 88 60 62 61 32 19 31 21 25
4 4 17 15 27 7 22 3 34 41 23 80 42 6 24 1 79 36 8 48 10 12 26 58 87 50 11 88 62 60 61 32 19 25 31 21
5 4 17 27 15 7 22 3 34 41 23 80 42 6 24 1 79 36 8 48 12 26 10 58 87 50 11 62 88 60 32 61 19 25 31 21
6 4 17 27 15 22 7 34 3 41 23 80 6 42 24 79 1 36 12 48 8 10 26 58 87 50 11 62 88 60 61 32 19 25 31 21
7 4 17 27 15 22 34 7 3 23 41 80 6 42 24 1 79 36 12 48 8 26 10 58 87 50 11 60 88 62 19 61 32 25 31 21
8 4 27 15 17 7 22 34 3 23 41 42 6 80 24 1 79 36 12 48 8 58 26 10 87 50 11 88 60 62 32 19 61 25 31 21
9 4 15 17 7 27 22 34 3 23 41 42 6 80 24 36 12 1 79 48 8 58 10 26 50 87 11 88 60 62 32 19 61 25 31 21
10 4 7 22 17 27 34 15 23 3 41 42 6 80 24 36 12 48 8 1 79 58 10 50 87 11 60 88 62 32 19 61 25 21 78 31
11 4 15 27 22 34 17 23 3 7 41 80 42 6 24 12 48 8 79 1 36 58 10 87 50 11 88 60 62 32 19 61 25 21 78
12 4 27 15 22 34 3 23 17 41 7 42 80 6 48 24 12 8 79 36 58 1 10 87 50 11 88 60 62 19 61 25 21 78
13 22 4 3 15 27 34 17 23 7 41 80 42 6 24 48 12 8 79 36 58 1 50 87 10 11 88 60 62 19 61 25 21 78
14 4 22 15 27 3 34 17 23 7 41 42 80 6 24 48 8 12 79 36 58 1 10 50 87 11 60 88 62 19 61 25 21 78
15 4 22 34 15 27 17 3 7 23 41 42 80 6 8 48 36 12 24 79 58 1 10 50 87 11 88 60 62 19 61 25 21 78
16 4 22 34 15 27 17 3 23 7 41 80 42 6 48 36 24 8 12 79 58 50 10 1 87 11 60 88 62 19 25 61 21 78
17 4 34 15 22 17 27 3 23 7 41 80 6 42 48 36 24 12 8 79 58 50 10 1 87 11 60 88 62 19 25 61 21 78
18 4 34 15 22 17 3 27 23 7 41 80 6 42 48 36 24 12 8 79 58 10 1 50 87 11 60 88 62 25 19 61 21 78
19 4 22 17 15 34 3 27 23 41 7 6 80 42 36 24 12 8 79 58 1 50 10 87 11 48 60 88 62 25 19 61 21 78
20 4 3 22 34 15 41 7 23 80 42 6 24 36 8 12 79 58 27 50 10 1 87 11 60 88 62 25 19 61
L
a
p
s
Lapped riderWinner
Mugello, Sunday, June 08, 2003
These data/results can not be reproduced, stored and/or transmitted in whole or in part by any manner of electronic, mechanical, photocopying, recording, broadcasting or otherwise now known or herein
after developed without the previous express consent by the copyright owner, except for reproduction in daily press and regular printed publications on sale to the public within 60 days of the event related to
those data/results and always provided that copyright symbol appears together as follows below.
© DORNA, 2003
Official information of MotoGP
www.motograndprix.com
