Lap Chart
QANTAS AUSTRALIAN GRAND PRIX
Computerised results and timing service
4448m
Phillip Island
125cc
22
Pos
Grid 4
1
41
2
8
3
9
4
3
5
16
6
5
7
21
8
1
9
22
10
23
11
54
12
15
13
17
14
26
15
29
16
11
17
18
18
92
19
12
20
39
21
35
22
94
23
34
24
67
25
53
26
24
27
91
28
33
29
1 4 41 16 9 21 3 1 22 5 15 17 92 18 54 26 12 24 23 29 34 91 35 94 11 67 53 39 33 8
2 4 16 9 41 3 21 5 17 1 15 18 26 54 22 12 29 23 24 11 67 34 91 94 35 39 53 92 33 8
3 4 16 9 41 3 21 17 5 1 15 26 54 18 12 22 23 24 29 11 34 91 67 94 35 39 53 92 33
4 4 16 9 41 3 21 5 17 1 15 26 54 12 18 22 23 24 29 94 67 11 34 35 91 53 39 92 33
5 4 16 9 3 41 21 5 1 17 26 15 54 18 23 22 12 24 29 94 11 34 67 35 91 92 39 53 33
6 4 16 3 9 41 21 1 5 26 54 15 17 18 23 22 12 24 29 94 34 11 67 35 91 92 39 53 33
7 16 3 41 9 21 1 5 26 54 15 17 23 18 22 12 29 94 34 11 67 24 35 91 39 92 53 33
8 16 41 3 9 21 5 1 54 26 15 17 23 18 22 12 29 94 34 11 67 24 35 91 39 92 53 33
9 16 41 9 3 21 1 5 54 15 26 17 23 18 12 22 29 94 34 11 67 24 35 91 39 92 53 33
10 16 9 3 41 21 1 5 54 15 26 17 23 12 18 22 29 94 11 34 67 24 35 39 91 92 53 33
11 16 9 3 21 41 1 5 54 15 26 17 23 12 22 18 29 94 34 67 24 35 39 91 92 53 33
12 16 9 3 21 41 1 5 54 15 26 17 23 12 22 18 29 94 34 67 24 35 39 91 92 53 33
13 21 16 9 3 41 1 5 54 26 15 17 23 22 12 18 29 94 34 67 35 24 39 91 92 53 33
14 21 16 9 41 3 54 1 5 17 15 26 23 22 12 18 29 94 34 67 35 39 24 91 92 53 33
15 21 16 3 9 41 1 54 5 15 17 26 23 12 22 18 29 94 34 39 35 24 91 92 53 33
16 21 41 3 5 1 54 15 17 26 23 12 22 18 29 16 34 39 35 24 91 92 53 33
17 21 41 3 1 5 54 15 17 26 23 16 12 18 29 22 39 34 35 24 92 91 53 33
18 41 3 1 54 5 15 17 26 23 16 12 18 29 22 39 35 24 92 91 34 53 33
19 41 3 5 1 54 17 15 26 23 16 22 29 12 18 39 35 24 92 34 91 33
20 41 3 1 5 54 15 17 26 23 16 29 22 18 12 39 35 24 92 34 91 33
21 3 41 1 5 54 17 15 26 23 16 29 22 12 18 39 35 24 92 34 33
22 3 41 5 1 54 15 17 26 23 16 29 22 12 18 39 35 24 92 34 33
23 3 41 5 1 54 15 17 26 23 16 29 18 12 22 39 35 24 92 34
L
a
p
s
Lapped riderWinner
Phillip Island, Sunday, October 29, 2000
MotoGP MotoGP MotoGP MotoGP MotoGP MotoGP MotoGP MotoGP MotoGP MotoGP MotoGP MotoGP MotoGP MotoGP MotoGP MotoGP MotoGP MotoGP MotoGP MotoGP MotoGP MotoGP MotoGP MotoGP MotoGP MotoGP MotoGP MotoGP MotoGP MotoGP MotoGP MotoGP MotoGP MotoGP MotoGP MotoGP MotoGP MotoGP MotoGP MotoGP MotoGP MotoGP MotoGP MotoGP MotoGP Mot
Official information of MotoGP
