Lap Chart
QANTAS AUSTRALIAN GRAND PRIX
Computerised results and timing service
4448m
Phillip Island
500cc
22
Pos
Grid 99
1
10
2
55
3
2
4
65
5
24
6
7
7
46
8
1
9
8
10
6
11
4
12
9
13
5
14
56
15
68
16
17
17
15
18
31
19
33
20
25
21
36
22
1 65 6 55 2 10 24 46 4 5 8 9 1 99 17 31 56 68 15 7 33
2 65 55 10 6 46 2 24 4 8 5 9 1 99 17 31 56 68 15 7 33
3 55 10 65 6 46 2 4 24 9 5 8 1 99 17 31 56 68 15 7 33
4 65 55 10 6 46 4 24 2 9 5 8 99 17 56 68 15 7 31 33
5 65 55 10 6 46 4 24 2 9 8 5 99 17 56 68 7 15 31 33
6 65 10 55 6 46 24 4 2 8 9 5 99 17 56 68 7 15 31 33
7 10 55 65 46 24 6 4 2 8 9 5 99 17 56 7 68 15 31
8 10 65 46 55 24 4 6 8 2 9 99 5 17 7 56 31 15
9 10 65 55 24 46 4 6 8 9 2 99 5 17 7 56 31 15
10 65 10 55 46 24 4 8 6 9 99 2 5 17 7 56 31 15
11 10 55 65 24 46 4 8 6 99 9 2 5 17 56 31 15
12 10 55 24 65 46 4 8 6 99 2 9 5 17 56 31 15
13 55 10 24 4 65 46 8 6 99 2 9 5 17 56 31 15
14 10 4 65 55 46 24 6 8 99 2 9 5 17 56 31 15
15 65 55 4 10 46 24 6 8 99 2 9 5 17 56 31 15
16 4 65 55 24 46 6 99 8 10 2 9 5 17 56 31 15
17 65 55 4 46 24 99 6 10 8 2 9 5 17 56 31 15
18 65 4 55 46 99 24 6 10 2 8 9 5 17 56 31 15
19 4 65 46 99 24 10 6 2 8 9 5 55 17 56 31 15
20 65 4 46 99 10 24 6 2 8 9 5 55 17 56 31 15
21 65 4 46 99 10 24 6 2 8 9 55 17 56 31 15
22 4 65 46 10 99 24 6 2 8 9 55 17 56 31 15
23 4 65 46 10 99 24 2 6 8 9 55 17 56 31 15
24 4 65 10 46 24 2 99 6 8 9 55 17 56 31 15
25 65 4 10 24 46 6 99 2 8 9 55 17 56 31 15
26 4 65 10 46 24 2 6 99 8 9 55 17 56 31 15
27 4 65 46 10 24 6 2 99 8 9 55 17 56 31
L
a
p
s
Lapped riderWinner
Phillip Island, Sunday, October 29, 2000
MotoGP MotoGP MotoGP MotoGP MotoGP MotoGP MotoGP MotoGP MotoGP MotoGP MotoGP MotoGP MotoGP MotoGP MotoGP MotoGP MotoGP MotoGP MotoGP MotoGP MotoGP MotoGP MotoGP MotoGP MotoGP MotoGP MotoGP MotoGP MotoGP MotoGP MotoGP MotoGP MotoGP MotoGP MotoGP MotoGP MotoGP MotoGP MotoGP Moto
Official information of MotoGP
