Lap Chart
AFRICA'S GRAND PRIX
Computerised results and timing service
4242m
Phakisa Freeway
125cc
22
Race
Pos
Grid 26
1
1
2
22
3
21
4
4
5
17
6
47
7
23
8
39
9
33
10
5
11
15
12
25
13
34
14
9
15
16
16
41
17
10
18
36
19
18
20
6
21
11
22
8
23
7
24
84
25
80
26
50
27
12
28
19
29
57
30
31
31
20
32
1 26 22 1 47 17 21 23 5 39 15 33 16 34 36 11 9 6 8 10 31 50 19 57 84 20 7
2 26 22 1 47 17 21 5 15 23 33 39 34 16 11 36 9 6 8 10 31 50 19 57 84 20 7
3 26 22 1 17 21 5 15 47 23 33 39 34 16 11 36 9 8 10 31 50 19 57 84 20 6 7
4 26 1 22 17 21 15 5 33 47 23 39 34 16 11 36 9 10 8 31 50 19 84 57 20 6 7
5 1 26 22 21 17 15 5 33 34 47 23 39 11 16 9 36 8 31 10 50 84 19 57 20 6 7
6 1 22 26 21 17 15 5 33 34 23 11 47 16 9 36 31 10 8 84 50 19 57 6 20 7 39
7 22 1 26 21 17 15 33 5 34 23 11 47 16 9 36 31 10 8 84 50 19 57 6 20 7
8 22 1 21 26 17 15 33 5 34 23 11 16 47 9 36 31 10 8 84 50 19 57 6 20 7
9 22 1 21 26 17 15 33 5 34 23 11 16 47 9 36 31 10 8 84 50 19 57 6 20 7
10 22 1 21 26 17 15 33 34 23 5 11 16 47 9 36 31 10 8 84 50 57 19 6 20 7
11 22 1 21 26 17 15 34 23 5 11 16 47 9 36 10 8 31 84 50 6 19 57 20 33 7
12 22 1 21 26 17 15 34 23 11 5 16 9 36 10 8 31 84 50 6 57 19 20 33 7
13 1 22 21 26 17 15 34 23 11 5 16 9 36 31 10 8 84 50 6 57 19 20 33 7
14 1 22 21 26 17 15 23 34 11 5 16 9 36 31 10 8 84 50 6 57 19 33 20 7
15 1 22 21 26 17 15 23 11 34 5 16 9 36 31 84 10 8 50 6 57 19 33 20 7
16 1 22 21 26 17 15 23 11 34 5 16 9 36 31 84 8 50 10 6 19 57 33 20 7
17 1 22 21 26 17 15 23 11 34 5 16 9 36 84 31 50 10 8 6 19 57 33 20 7
18 1 21 22 26 17 15 23 11 5 34 16 9 36 31 84 50 10 8 6 19 57 33 20 7
19 1 21 22 26 17 15 23 11 5 34 16 9 36 31 50 84 10 8 6 57 19 33 20 7
20 1 22 26 21 17 15 23 11 5 16 34 9 36 31 50 84 10 8 6 57 19 33 20 7
21 22 1 21 26 17 15 23 11 16 5 34 9 36 31 50 84 10 6 8 19 57 33 20 7
22 22 21 1 26 17 15 23 11 16 5 34 9 36 84 31 6 10 50 8 19 57 33 20 7
23 1 21 22 26 17 15 23 11 16 5 34 9 36 84 6 50 31 10 8 19 57 33 20 7
24 1 21 26 17 22 15 23 16 5 34 9 36 11 50 84 6 31 8 10 19 57 33 20 7
L
a
p
s
Lapped riderWinner
Welkom, Sunday, April 21, 2002
These data/results can not be reproduced, stored and/or transmitted in whole or in part by any manner of electronic, mechanical, photocopying, recording, broadcasting or otherwise now
known or herein after developed without the previous express consent by the copyright owner, except for reproduction in daily press and regular printed publications on sale to the public within
60 days of the event related to those data/results and always provided that copyright symbol appears together as follows below.
© DORNA, 2002
Official information of MotoGP
www.motograndprix.com
