CINZANO BRITISH GRAND PRIX
Computerised results and timing service
4023 m.
Donington Park
250cc
Race
Lap Chart
22
Pos
Grid 51
1
19
2
73
3
26
4
7
5
24
6
54
7
14
8
10
9
6
10
8
11
57
12
21
13
11
14
50
15
16
16
96
17
2
18
52
19
12
20
25
21
9
22
28
23
17
24
36
25
44
26
64
27
65
28
43
29
33
30
40
31
66
32
67
33
1 26 19 10 6 51 7 24 14 54 8 21 52 12 50 16 57 96 9 28 44 11 65 17 43 25 73
2 26 19 10 6 7 51 24 14 54 8 21 50 52 12 57 96 16 9 28 11 65 17 44 43 25 73
3 26 19 10 7 6 24 51 14 8 21 50 52 12 96 9 16 11 28 65 17 25 44 43 73
4 26 19 10 7 24 51 14 8 21 50 12 52 96 9 16 11 28 25 17 65 43 44 73
5 26 19 10 7 51 24 14 21 8 50 12 52 96 9 16 11 28 25 17 43 65 44 73
6 26 19 10 7 51 24 14 21 8 50 12 9 52 96 16 11 25 28 17 43 73 65 44
7 26 19 7 10 51 24 14 21 8 50 12 9 96 11 52 25 16 28 17 73 43 44 65
8 26 19 7 10 51 24 14 21 8 50 9 96 11 25 12 52 16 28 73 17 43 44 65
9 26 19 7 10 51 24 14 21 8 50 9 11 96 25 52 12 16 73 28 17 43 44 65
10 26 19 7 51 24 10 14 21 8 50 11 9 25 96 73 52 16 12 28 17 43 44 65
11 26 19 7 51 24 10 14 21 8 50 11 9 25 73 96 16 52 12 28 17 43 44 65
12 26 19 7 10 51 24 14 21 8 50 11 25 73 9 96 16 52 12 28 17 43 44 65
13 26 19 7 10 51 14 21 8 50 11 24 73 25 9 96 16 52 28 12 17 43 44 65
14 26 19 7 10 51 14 21 8 50 11 73 25 9 96 16 52 28 12 17 43 44 65
15 26 19 7 51 10 14 21 8 50 73 11 25 9 96 16 52 28 12 17 43 44 65
16 26 19 7 51 10 14 21 8 50 73 11 25 9 96 16 52 28 12 17 43 44 65
17 26 19 7 51 10 14 21 8 50 73 11 25 9 96 16 52 28 12 17 43 44 65
18 26 19 7 51 10 14 21 8 50 73 11 25 9 16 96 52 28 12 17 43 44 65
19 26 19 7 51 10 14 21 8 50 73 11 25 9 16 96 52 28 17 12 43 44 65
20 26 19 7 51 10 14 21 8 50 73 11 25 9 16 96 52 28 12 17 44 43 65
21 26 19 7 51 10 14 21 8 50 73 11 25 9 16 96 52 28 12 17 44 43 65
22 26 19 7 51 10 14 21 8 50 73 11 25 9 16 96 52 28 12 17 44 43 65
23 26 19 7 51 10 14 21 8 50 73 11 25 9 16 96 52 28 12 17 44 65 43
24 26 19 7 51 10 14 21 8 50 73 11 25 9 16 96 52 28 17 12 44 65 43
25 26 19 7 51 10 14 21 8 50 73 11 25 9 16 96 52 28 17 44 65 43
26 26 19 7 51 10 14 21 8 73 50 11 25 9 16 96 52 28 17 44 65 43
27 26 19 7 51 10 14 21 8 73 50 11 25 9 16 96 52 28
L
a
p
s
Lapped riderWinner
Donington, Sunday, July 25, 2004
These data/results cannot be reproduced, stored and/or transmitted in whole or in part by any manner of electronic, mechanical, photocopying, recording, broadcasting or otherwise now
known or herein after developed without the previous express consent by the copyright owner, except for reproduction in daily press and regular printed publications on sale to the public
within 60 days of the event related to those data/results and always provided that copyright symbol appears together as follows below.
© DORNA, 2004
Official information of MotoGP
www.motogp.com
