GP APEROL DI SAN MARINO E RIVIERA DI RIMINI
Computerised results and timing service provided by
4226 m.
Misano
Moto2
Race
Lap Chart 19
TISSOT
Pos
Grid 24
1
45
2
60
3
16
4
29
5
3
6
15
7
48
8
75
9
2
10
55
11
77
12
72
13
71
14
12
15
19
16
65
17
40
18
63
19
70
20
25
21
56
22
68
23
44
24
80
25
39
26
35
27
99
28
52
29
53
30
14
31
59
32
8
33
9
34
5
35
4
36
95
37
88
38
17
39
1 16 29 24 45 48 3 60 77 2 75 15 71 72 12 19 55 65 68 44 63 40 35 70 39 56 25 80 5 53 8 52 14 99 4 95 59 88 9
2 29 16 45 48 24 3 60 2 75 15 77 71 72 12 19 65 55 68 63 44 40 35 70 39 56 25 80 5 52 53 8 14 4 95 59 9 88 99
3 29 45 16 48 24 3 60 75 2 15 71 77 72 19 12 65 55 63 68 40 44 35 70 56 25 80 39 52 5 53 14 8 4 95 59 9 99 88
4 48 16 24 45 3 60 2 75 15 71 77 72 12 19 65 63 55 68 40 44 35 56 25 70 80 52 39 14 5 53 8 4 95 9 59 99 29 88
5 48 24 16 3 60 45 2 15 75 71 77 72 12 19 65 63 55 40 68 44 35 56 25 80 70 52 14 5 53 4 8 95 39 29 9 59 99 88
6 48 24 3 16 60 45 2 15 75 71 77 72 12 19 65 63 55 40 68 44 35 56 25 80 52 70 14 5 53 8 4 29 95 9 99 59 88 39
7 24 3 48 16 60 45 15 2 75 71 77 72 12 65 19 63 55 40 68 56 44 35 80 25 52 14 70 5 8 29 53 4 9 95 99 88 59 39
8 24 3 48 16 60 45 15 75 2 71 77 72 12 65 19 55 68 40 56 44 35 80 25 52 14 70 29 5 8 53 4 9 95 99 88 59 39
9 24 3 48 60 45 16 15 2 71 77 72 12 65 19 55 40 68 56 44 35 80 52 25 14 70 29 5 8 53 4 9 95 99 88 59 75 39
10 24 3 48 60 45 15 16 2 71 72 12 77 65 19 68 55 40 56 44 35 80 52 14 25 70 29 8 5 53 4 9 99 95 88 59 39 75
11 24 3 60 48 15 45 16 2 72 12 71 65 77 19 68 55 40 56 44 35 80 52 14 25 29 70 8 5 53 4 9 99 95 88 59 39
12 24 3 60 16 72 2 12 65 71 77 19 68 55 44 56 35 40 80 52 14 25 29 70 8 5 53 4 9 99 95 88 59 39
13 24 3 60 16 72 2 12 65 71 77 19 68 44 55 56 35 40 52 80 14 29 25 70 8 5 53 4 9 99 95 88 59 39
14 24 3 60 16 72 2 12 65 71 77 19 44 55 56 68 35 40 52 80 14 29 25 70 8 5 53 4 99 9 95 88 59 39
15 24 60 3 16 72 12 2 65 71 77 19 44 55 68 56 35 52 80 29 14 25 70 8 5 4 53 99 9 88 59 95 39
16 24 60 3 16 12 72 2 65 71 77 19 44 68 56 55 35 52 80 29 14 25 70 8 5 4 53 9 99 88 59 95 39
17 24 60 3 16 12 72 2 65 71 77 19 44 68 56 55 35 52 29 80 14 25 8 70 4 53 5 9 99 88 95 59 39
18 24 60 3 16 12 72 2 65 71 77 19 44 68 56 35 52 55 29 14 80 25 8 70 4 53 5 9 99 88 95 59 39
19 24 60 3 12 16 72 2 65 71 77 19 44 68 56 35 52 55 29 14 80 25 8 70 4 53 5 9 99 88 95 59 39
20 24 60 3 12 16 72 65 2 71 77 19 44 68 56 35 52 55 29 14 80 25 8 70 4 53 5 9 99 88 95 59 39
21 24 60 3 12 72 16 65 2 71 77 19 44 68 56 35 52 55 29 14 80 25 8 70 4 53 5 9 99 88 95 59 39
22 24 60 3 12 16 65 2 19 71 77 44 68 56 35 52 29 55 14 80 25 8 4 70 53 5 9 99 88 95 59 39
23 24 60 3 12 65 16 2 19 71 77 44 68 56 35 29 14 55 52 80 8 25 4 5 70 53 9 99 88 59 95 39
24 24 60 12 3 65 16 2 19 71 77 44 68 35 56 14 55 52 80 8 4 5 70 53 9 99 88 59 95 39
25 24 60 12 3 65 16 19 2 77 71 44 68 35 14 56 52 55 80 8 5 4 53 70 9 99 88 95 59 39
26 24 60 12 3 65 16 2 77 71 44 68 14 35 56 52 55 8 80 19 4 5 53 70 9 99 88 95 59 39
L
a
p
s
Lapped riderWinner
Misano Adriatico, Sunday, September 05, 2010
These data/results cannot be reproduced, stored and/or transmitted in whole or in part by any manner of electronic, mechanical, photocopying, recording, broadcasting or otherwise now
known or herein after developed without the previous express consent by the copyright owner, except for reproduction in daily press and regular printed publications on sale to the public
within 60 days of the event related to those data/results and always provided that copyright symbol appears together as follows below.
© DORNA, 2010
Official MotoGP Timing by
www.motogp.com
TISSOT
