Lap Chart
POLINI GRAND PRIX DE FRANCE
Computerised results and timing service
4180m
Le Mans
250cc
22
Race
Pos
Grid 10
1
17
2
15
3
3
4
24
5
21
6
27
7
11
8
9
9
8
10
6
11
4
12
76
13
18
14
7
15
12
16
42
17
35
18
32
19
25
20
22
21
41
22
28
23
36
24
19
25
37
26
45
27
93
28
51
29
1 3 15 17 10 27 11 8 18 24 4 76 7 21 6 9 12 32 36 25 42 22 35 41 28 19
2 3 15 10 17 27 11 8 24 18 4 21 7 76 9 6 12 32 42 25 22 36 35 41 28 19
3 15 3 10 17 27 8 18 21 4 7 9 76 24 6 32 42 12 25 22 35 36 41 28 11
4 15 3 10 17 27 8 18 21 4 7 9 76 24 42 32 6 12 25 22 35 41 28 36 11
5 15 3 10 17 27 8 21 18 4 7 9 76 24 42 32 6 12 25 22 35 41 28 36
6 15 3 10 17 27 21 8 18 4 7 9 24 76 42 32 6 12 25 22 35 41 28 36
7 15 3 10 17 27 21 8 18 4 7 9 24 76 42 6 32 12 25 22 35 41 28 36
8 15 10 3 17 27 21 8 4 18 7 9 24 76 42 6 32 12 25 35 22 41 28 36
9 15 10 3 17 27 21 4 8 7 9 18 24 76 42 6 32 12 25 35 22 41 28 36
10 15 10 3 17 4 8 7 9 18 24 42 76 6 32 12 25 35 22 41 28 36
11 10 15 17 3 4 7 9 8 24 18 42 76 6 12 32 25 35 41 22 28 36
12 10 3 15 17 4 7 9 8 24 18 42 76 6 12 32 25 41 35 22 28 36
13 10 3 17 15 4 7 9 24 8 42 18 76 6 12 32 25 41 35 22 28 36
14 10 3 17 15 4 7 9 24 8 42 18 76 6 12 32 25 41 22 28 36
15 10 3 17 15 4 7 9 24 8 42 18 76 6 12 32 25 41 22 28 36
16 10 3 17 15 4 7 24 9 8 42 18 76 6 12 32 25 41 22 28 36
17 10 3 17 15 4 7 24 9 8 42 18 76 6 12 32 25 41 22 28 36
18 10 3 17 15 4 7 24 9 8 42 18 76 6 12 32 25 41 22 28 36
19 10 3 17 15 4 7 24 9 8 42 18 76 6 12 32 25 41 22 28 36
20 10 3 17 15 4 7 24 9 8 42 76 18 6 12 32 25 41 22 28 36
21 10 3 17 15 4 7 24 9 8 42 18 6 76 12 32 25 41 22 28 36
22 10 3 17 15 4 7 24 9 8 42 6 76 18 12 32 25 41 22 28 36
23 10 3 17 15 4 7 24 9 8 42 6 76 18 12 32 25 41 22 28 36
24 10 3 17 15 4 7 24 9 42 8 6 76 18 12 32 25 41 28 22 36
25 10 3 17 15 4 24 7 9 42 8 6 76 18 12 32 25 41 28 22 36
26 10 3 17 15 4 24 7 9 6 42 8 76 18 32 12 25 41 28 22
L
a
p
s
Lapped riderWinner
Le Mans, Sunday, May 19, 2002
These data/results can not be reproduced, stored and/or transmitted in whole or in part by any manner of electronic, mechanical, photocopying, recording, broadcasting or otherwise now known or herein
after developed without the previous express consent by the copyright owner, except for reproduction in daily press and regular printed publications on sale to the public within 60 days of the event related to
those data/results and always provided that copyright symbol appears together as follows below.
© DORNA, 2002
Official information of MotoGP
www.motograndprix.com
