POLINI AUSTRALIAN GRAND PRIX
Computerised results and timing service
4448 m.
Phillip Island
250cc
Race
Lap Chart 22
Pos
Grid 27
1
48
2
5
3
19
4
80
5
1
6
34
7
73
8
7
9
15
10
55
11
17
12
6
13
50
14
44
15
24
16
57
17
25
18
96
19
8
20
28
21
32
22
36
23
33
24
21
25
63
26
56
27
82
28
23
29
81
30
20
31
1 27 48 5 19 1 34 73 80 7 6 15 44 55 24 96 50 17 57 8 36 25 33 32 28 21 63 56
2 27 48 5 19 1 34 73 80 7 6 15 44 55 50 24 96 57 17 8 25 36 28 33 32 21 63 56
3 27 5 48 19 1 34 73 80 7 15 6 55 44 50 24 96 57 17 8 25 36 32 28 33 21 63 56
4 48 19 1 34 80 73 7 15 6 44 55 50 24 96 57 17 8 25 36 32 28 33 21 27 63 56
5 19 48 1 34 80 73 7 15 6 44 50 24 57 96 17 8 25 36 32 28 33 21 63 56 55
6 19 1 48 34 80 73 7 15 6 44 50 24 57 96 17 8 25 32 36 28 21 33 63 56 55
7 19 1 48 34 73 80 7 15 6 44 50 57 24 96 17 8 32 36 25 28 33 21 56 55
8 19 1 34 48 73 80 7 15 6 44 50 57 24 96 17 8 32 36 25 28 33 21 56 55
9 19 1 48 34 73 80 7 15 6 50 44 57 24 96 17 8 36 32 25 28 33 21 56 55
10 19 1 48 34 73 80 7 15 6 44 50 57 24 96 8 17 36 28 25 32 21 33 56 55
11 19 1 48 34 80 73 7 15 6 44 50 57 24 96 8 17 28 36 25 32 21 33 56
12 19 1 48 34 80 73 7 15 6 50 44 57 24 96 8 17 28 36 25 32 21 33 56
13 19 1 48 34 80 73 7 15 6 44 50 57 24 96 8 17 28 36 25 32 33 56
14 19 1 48 34 80 73 7 15 6 44 50 57 96 24 8 17 28 36 25 32 33 56
15 19 1 48 34 80 73 7 15 6 50 44 57 96 24 8 17 28 36 25 32 33 56
16 19 1 48 34 80 73 7 15 6 50 44 57 96 24 17 8 28 36 25 32 33 56
17 19 1 48 34 80 73 7 15 6 50 44 57 96 24 17 8 28 36 25 32 33 56
18 19 1 48 34 80 73 7 15 6 50 44 57 96 24 17 28 8 36 32 33 56
19 19 1 48 80 34 73 7 15 6 50 44 57 96 28 24 17 8 36 32 33 56
20 19 1 48 80 34 73 7 15 6 50 44 57 96 28 24 17 8 36 32 33 56
21 19 1 48 80 73 34 7 15 6 50 44 57 96 28 17 8 24 36 32 33 56
22 19 1 48 80 73 34 7 15 6 50 44 57 96 28 17 8 24 36 32 33 56
23 19 1 48 73 80 34 7 15 6 50 44 57 28 96 8 17 24 36 32 33 56
24 19 1 48 73 80 34 7 15 6 50 44 57 96 28 8 17 24 36 32 33 56
25 1 19 48 80 34 73 7 15 6 50 57 28 96 17 8 24 36
L
a
p
s
Lapped riderWinner
Phillip Island, Sunday, October 16, 2005
These data/results cannot be reproduced, stored and/or transmitted in whole or in part by any manner of electronic, mechanical, photocopying, recording, broadcasting or otherwise now known or
herein after developed without the previous express consent by the copyright owner, except for reproduction in daily press and regular printed publications on sale to the public within 60 days of the event
related to those data/results and always provided that copyright symbol appears together as follows below.
© DORNA, 2005
Official information of MotoGP
www.motogp.com
