GRAN PREMIO bwin.com DE ESPAÑA
Computerised results and timing service provided by
4423 m.
Jerez
125cc
Race
Lap Chart 22
TISSOT
Pos
Grid 75
1
14
2
52
3
33
4
55
5
71
6
44
7
24
8
22
9
11
10
38
11
35
12
60
13
6
14
29
15
7
16
8
17
30
18
12
19
63
20
15
21
27
22
18
23
34
24
53
25
51
26
56
27
76
28
95
29
99
30
37
31
13
32
77
33
78
34
20
35
1 14 44 52 55 24 71 33 38 22 75 60 29 7 34 8 27 15 6 11 30 51 37 18 53 99 95 35 77 13 78 76 56 20
2 14 52 24 44 55 71 33 22 60 29 27 7 15 11 6 8 34 30 51 53 18 37 99 95 77 78 13 76 56 20 35 38
3 14 52 55 44 71 33 22 60 29 27 7 11 15 6 8 34 30 53 51 18 99 37 95 77 13 78 76 56 35 20 38
4 14 52 55 71 33 44 22 60 7 29 11 27 15 6 8 30 53 34 51 18 99 95 37 77 13 78 56 76 20 38
5 14 52 55 71 33 44 22 60 7 11 27 29 15 6 8 30 53 34 51 18 99 37 95 77 13 76 78 56 20 38
6 14 52 55 71 33 44 22 60 7 27 11 6 29 8 15 53 30 51 18 34 99 95 37 77 76 78 13 56 20 38
7 14 52 55 33 71 44 22 60 27 7 6 11 8 29 15 53 30 51 18 34 95 99 37 78 76 77 56 13 20 38
8 14 52 55 33 71 44 22 60 6 11 27 7 8 29 15 53 30 18 51 34 95 99 37 78 77 56 76 13 20 38
9 14 52 55 33 71 44 22 60 6 11 27 7 8 29 15 53 30 18 51 34 95 99 37 56 77 78 76 13 20 38
10 14 52 55 33 71 44 22 60 6 11 27 8 7 29 15 30 53 18 51 34 95 99 37 56 77 13 76 78 20 38
11 14 52 55 33 71 44 22 60 6 11 27 8 7 15 29 30 53 18 51 34 95 99 37 56 77 13 76 78 20 38
12 14 52 55 33 71 44 22 60 6 11 8 27 15 29 30 18 53 51 34 95 99 37 56 77 13 76 78 20 38
13 14 52 55 33 71 44 22 60 6 11 8 27 29 15 30 18 51 53 34 95 99 56 37 77 76 13 78 20 38
14 14 52 55 33 71 44 22 60 6 11 8 27 29 15 18 30 51 53 34 95 99 56 37 77 76 13 78 20 38
15 14 52 55 33 71 44 22 60 11 6 8 27 29 15 18 30 51 53 34 95 99 56 37 77 76 13 78 20 38
16 14 52 55 33 71 22 44 60 6 11 8 27 29 15 30 18 51 53 34 95 99 56 37 77 76 13 78 20 38
17 14 52 55 33 71 22 44 60 6 11 8 27 29 15 51 30 18 53 34 95 56 77 37 76 13 78 20 38
18 14 52 55 71 33 22 44 60 6 11 8 27 29 15 51 30 18 53 34 95 77 56 37 76 78 13 20 38
19 14 52 55 71 22 33 44 60 6 11 8 27 29 15 51 30 18 53 34 95 77 56 37 76 78 13 20 38
20 14 52 55 44 33 22 60 6 11 8 27 29 51 30 18 53 34 95 77 56 37 76 13 78 20 38
21 14 52 55 44 33 22 60 6 11 8 27 29 51 18 30 53 34 95 77 56 37 76 13 78 20 38
22 14 52 55 44 33 22 60 6 11 8 27 29 51 18 30 53 34 95 77 56 37 76 13 78 20 38
23 14 52 55 44 33 22 11 6 60 8 27 29 51 18 53 30 34 95 77 56 37 76 13 78 20 38
L
a
p
s
Lapped riderWinner
Jerez de la Frontera, Sunday, March 25, 2007
These data/results cannot be reproduced, stored and/or transmitted in whole or in part by any manner of electronic, mechanical, photocopying, recording, broadcasting or otherwise now known or
herein after developed without the previous express consent by the copyright owner, except for reproduction in daily press and regular printed publications on sale to the public within 60 days of the event
related to those data/results and always provided that copyright symbol appears together as follows below.
© DORNA, 2007
Official MotoGP Timing by
www.motogp.com
TISSOT
