          Mugello                  Computerised results and timing service provided by TISSOT
                                                                                                                                                                      Moto2
                                  GRAN PREMIO D'ITALIA TIM
                                  Race
          5245 m.                 Lap Chart                                                                                                                                           19
Pos        1 2 3 4 5 6 7 8 9 10 11 12 13 14 15 16 17 18 19 20 21 22 23 24 25 26 27 28 29 30 31 32 33 34 35 36 37 38 39
Grid      29 24 15 16 48 40 2 80 12 60 25 55 19 35 6 44 52 41 72 17 63 71 65 14 75 3 68 45 77 61 59 39 9 5 10 76 53 21 8


     1    29    2 16 24       6 48 12 40 15 55 25 72 10 19 60 77                       3 80 71 45 52 63 35 44 68 41 17 14 65 61 39                           9 75 21 96 59 76 53 88
     2    29    2 16 24 48         6 12 40 55 15 72 25 10                3 60 19 77 52 45 35 63 44 80 71 68 17 14 65 61 39 41 75                                  9 96 21 76 59 53 88
     3    29    2 16 24       6 48 12 40 55 15 72              3 10 60 25 19 77 63 45 35 44 80 68 17 14 71 61 39 65 75 41                                    9 96 76 21 53 59 88                 8
     4    29 16 24        6   2 12 48 40 55           3 72 15 60 10 25 19 63 77 45 80 44 35 17 68 71 14 61 39 65 75 41                                       9 76 21 53 59 88                8
     5    29 24      6    2 12 48 55 40          3 15 60 72 10 25 19 63 77 45 44 35 17 14 68 61 65 39 75 71 41                                      9 76 21 53 59 88            8
     6    29 24      6    2 12 48 40 55          3 60 15 72 10 25 19 63 45 77 35 44 17 68 14 65 61 75 39 71                                    9 41 21 53 76 59            8 88
     7    29 24      2    6 12 40 48         3 60 55 15 72 10 25 19 63 45 77 35 44 68 61 17 14 65 39 71 75                                     9 41 21 53 76 59            8 88
     8    29 40 12 24         6    2    3 48 15 60 72 55 25 10 19 45 63 77 44 35 61 65 68 17 14 39 71                                      9 41 21 53 59          8 76 88
     9    29 12 24 40         2    3 48 15       6 60 72 55 25 10 19 77 63 44 61 45 35 14 17 68 65 71 39                                   9 41 21 53        8 59 76 88
    10    29 12 40 24         3 48      2    6 60 15 72 55 25 10 19 63 44 77 61 45 35 14 65 17 68 39 71                                    9 41 53 21        8 59 76 88

L   11    29 12 40        3 24 48       2 60     6 15 72 55 25 10 19 63 61 44 77 14 45 35 65 17 39 68 71                                   9 53 41 21        8 76 59 88
a   12    29 40 12        3 24 48       2 60     6 72 15 55 25 10 19 14 63 77 61 65 44 45 17 68 39 71                                 9 53 41 21         8 76 59 88
p         29 12      3 40 24 48         2    6 60 15 72 55 25 10 14 77 19 63 61 65 44 17 45 39 68 53                                  9 41 71 21         8 76 59 88
s
    13
    14    29 40 12        3 24 48       2    6 60 15 72 55 25 14 77 10 65 61 19 63 44 17 45 39 68 53                                  9 71 41 21         8 76 59 88
    15    29 12 40        3 48 24       2 60     6 15 72 55 25 14 77 65 10 63 61 19 17 44 68 45 53 71                                 9 41 39 21 59 76 88              8
    16    29 12      3 40 48 24         2    6 15 60 72 55 25 14 77 65 10 17 44 19 68 45 53 39 71                                9 41 21 59 76 88            8
    17    29 12      3 24 48 40         2 60     6 15 72 55 25 65 10 77 17 44 19 68 45 39 71 53 41                               9 21 76 59         8 88
    18    29 24      3 40 48 12         2    6 60 15 72 55 25 65 10 77 17 44 68 19 45 39 71 53 41 21                                  9 59     8 76 88
    19    29    3 40 48 24 12           2    6 15 72 60 55 25 65 10 77 17 44 68 19 45 71 53 41 21                                9    8 59 76 88
    20    29    3 24 40 12 48           2 72     6 15 60 55 25 65 10 77 44 17 19 68 45 71 53 41                             9 21      8 59 76 88
    21    29 40      3 12 24 48         2 72 60       6 15 55 25 65 10 77 17 44 19 68 45 71 53 41 21                             9    8 59 76 88




          Winner                   Lapped rider
These data/results cannot be reproduced, stored and/or transmitted in whole or in part by any manner of electronic, mechanical, photocopying, recording, broadcasting or otherwise now
known or herein after developed without the previous express consent by the copyright owner, except for reproduction in daily press and regular printed publications on sale to the public
within 60 days of the event related to those data/results and always provided that copyright symbol appears together as follows below.
© DORNA, 2010

Official MotoGP Timing byTISSOT
www.motogp.com

Mugello, Sunday, June 06, 2010
