GRAN PREMIO D'ITALIA TIM
Computerised results and timing service provided by
5245 m.
Mugello
125cc
Race
Lap Chart 19
TISSOT
Pos
Grid 11
1
44
2
38
3
40
4
35
5
93
6
12
7
7
8
14
9
71
10
53
11
39
12
99
13
23
14
95
15
92
16
5
17
78
18
50
19
15
20
84
21
51
22
94
23
96
24
32
25
98
26
63
27
97
28
60
29
87
30
69
31
72
32
26
33
1 40 44 7 11 38 93 35 12 14 71 94 99 78 23 53 92 51 98 95 69 50 87 15 84 5 63 60 96 32 97 72
2 40 44 7 93 35 38 12 14 71 99 94 78 23 53 92 69 51 95 15 98 5 50 84 63 96 60 32 97 72 11
3 40 44 93 38 35 7 12 14 71 94 78 99 23 53 92 69 51 95 15 50 5 84 98 96 63 60 97 32 72 11
4 40 44 93 38 12 35 7 71 14 78 94 99 23 53 92 69 51 95 15 5 84 50 98 63 97 60 32 11
5 40 44 93 38 35 12 7 71 14 99 94 78 23 53 69 51 92 15 95 5 50 84 98 63 97 60 11
6 40 44 93 38 35 12 7 71 14 99 94 78 23 69 53 51 15 5 92 95 84 50 98 11 97 63 60
7 40 44 93 38 35 12 7 14 71 99 94 78 23 69 53 51 5 15 92 95 84 50 11 98 63 97 60
8 40 44 93 38 35 7 12 14 71 99 78 94 69 23 53 5 51 15 92 95 84 50 98 63 97 60
9 38 93 44 40 35 7 12 71 14 99 94 78 53 69 5 15 51 92 23 95 84 50 98 63 97 60
10 93 38 44 40 35 7 12 71 14 99 94 78 53 69 15 5 51 23 92 95 84 50 98 63 97 60
11 93 38 44 40 7 35 12 71 14 99 94 78 53 15 69 51 23 5 92 95 84 50 63 97 98 60
12 93 44 38 40 7 35 12 71 14 99 94 78 53 15 23 5 69 51 95 92 84 50 63 98 97 60
13 44 93 40 38 7 35 12 14 71 99 94 78 53 23 15 5 69 51 92 95 84 98 97 63 60
14 38 93 40 44 7 35 12 71 14 99 94 78 23 53 5 15 69 51 92 84 95 98 97 63 60
15 38 93 40 44 7 35 12 14 71 99 94 78 53 15 5 23 51 84 92 95 98 63 97 60
16 38 93 40 44 7 35 12 71 99 14 94 78 53 15 5 23 51 92 84 95 63 98 97 60
17 93 38 40 44 35 7 12 71 14 99 94 53 15 78 5 51 95 84 97 98 63 60
18 38 93 44 40 7 35 12 99 71 94 14 15 5 78 53 51 95 84 63 98 97 60
19 93 44 40 38 7 35 12 71 14 94 99 5 78 53 15 51 84 95 63 98 97 60
20 93 40 44 38 7 35 12 71 14 99 94 5 78 53 15 51 84 95 98 97 63 60
L
a
p
s
Lapped riderWinner
Mugello, Sunday, June 06, 2010
These data/results cannot be reproduced, stored and/or transmitted in whole or in part by any manner of electronic, mechanical, photocopying, recording, broadcasting or otherwise now
known or herein after developed without the previous express consent by the copyright owner, except for reproduction in daily press and regular printed publications on sale to the public
within 60 days of the event related to those data/results and always provided that copyright symbol appears together as follows below.
© DORNA, 2010
Official MotoGP Timing by
www.motogp.com
TISSOT
