Lap Chart
GAULOISES GP CESKE REPUBLIKY
Computerised results and timing service
5403m
Automotodrom Brno
125cc
22
Race
Pos
Grid 15
1
16
2
26
3
1
4
17
5
4
6
22
7
21
8
80
9
23
10
8
11
25
12
41
13
36
14
33
15
7
16
12
17
77
18
5
19
6
20
34
21
11
22
50
23
37
24
56
25
53
26
48
27
84
28
88
29
57
30
20
31
42
32
72
33
76
34
31
35
1 26 21 22 25 16 15 1 23 4 80 5 8 17 41 12 36 11 34 7 77 53 6 50 48 33 84 31 56 20 88 37 42 49 72 76
2 21 26 22 25 15 1 16 23 4 5 80 17 8 41 36 12 11 7 77 6 50 34 53 33 84 48 31 56 88 20 37 72 49 42 76
3 21 26 25 22 15 4 1 16 23 5 17 80 8 36 41 12 11 77 7 6 50 53 34 33 84 48 31 88 56 20 37 49 72 42 76
4 21 26 15 25 4 1 16 22 80 23 17 5 8 36 12 11 41 77 7 6 50 33 53 34 48 88 31 56 84 37 49 20 72 42 76
5 21 26 15 4 1 22 25 16 80 17 23 5 36 8 12 11 77 6 41 50 7 33 53 34 48 56 31 88 84 37 49 20 72 42 76
6 15 4 21 26 1 22 16 25 17 80 23 36 5 8 11 12 77 6 41 33 50 7 53 34 48 84 31 37 88 56 20 49 72 76
7 4 15 1 21 22 16 26 80 17 23 36 5 8 11 12 33 6 41 50 77 7 34 53 48 84 31 88 37 56 20 49 72 76
8 4 15 21 1 26 16 80 17 23 36 8 5 12 11 33 6 50 41 7 77 34 53 48 31 84 37 56 88 20 49 72 76
9 4 15 21 1 26 80 16 17 23 36 5 8 12 33 11 6 50 7 41 77 34 53 48 56 31 37 84 20 88 49 72 76
10 4 15 21 1 26 80 17 16 23 36 5 8 33 12 6 50 7 11 41 77 34 53 48 56 37 31 84 20 88 49 72 76
11 4 15 21 1 26 80 17 16 23 36 5 8 33 12 50 6 11 7 41 77 53 34 48 56 31 88 37 84 49 20 72 76
12 4 15 21 1 26 17 80 23 16 36 8 5 33 12 50 6 11 41 7 77 53 34 48 56 31 88 37 84 49 20 72 76
13 4 21 15 26 80 17 1 23 16 36 8 5 33 6 12 11 41 7 77 53 34 48 56 31 50 88 84 37 49 20 72 76
14 4 21 80 15 1 26 17 16 23 36 8 5 33 12 6 11 41 7 77 53 34 48 31 88 56 84 37 49 20 72 76
15 21 80 4 15 1 26 16 17 23 36 8 5 33 6 12 11 41 77 7 53 34 48 56 31 88 84 37 20 49 72 76
16 21 80 4 1 15 26 16 17 23 36 8 5 33 6 11 12 77 41 7 48 53 34 88 31 84 49 20 37 72 76
17 21 4 1 26 80 15 17 16 23 36 8 5 33 6 11 12 77 41 7 48 34 53 88 31 84 20 49 37 72 76
18 21 4 26 1 80 17 16 15 23 36 8 5 33 6 11 12 41 7 77 48 34 53 31 88 84 20 49 37 72 76
19 4 26 21 80 1 17 16 15 23 36 8 5 33 6 11 12 41 7 77 48 34 53 88 31 84 20 37 49 72 76
L
a
p
s
Lapped riderWinner
Brno, Sunday, August 25, 2002
These data/results can not be reproduced, stored and/or transmitted in whole or in part by any manner of electronic, mechanical, photocopying, recording, broadcasting or otherwise now known or herein
after developed without the previous express consent by the copyright owner, except for reproduction in daily press and regular printed publications on sale to the public within 60 days of the event related to
those data/results and always provided that copyright symbol appears together as follows below.
© DORNA, 2002
Official information of MotoGP
www.motograndprix.com
