bwin.com GRANDE PREMIO DE PORTUGAL
Computerised results and timing service provided by TISSOT
4182 m.
Estoril
250cc
Race
Lap Chart 22
Pos
Grid 15
1
4
2
58
3
48
4
80
5
7
6
34
7
42
8
73
9
50
10
14
11
55
12
52
13
25
14
96
15
8
16
28
17
54
18
44
19
37
20
24
21
22
22
23
23
16
24
65
25
85
26
32
27
45
28
75
29
59
30
56
31
1 15 48 34 7 4 50 73 58 42 80 55 52 14 37 54 25 8 16 28 96 23 65 45 44 22 85 24 32 75
2 15 48 34 7 4 58 50 73 42 55 14 52 25 54 8 37 96 16 28 23 65 44 45 85 24 22 32 75 80
3 15 34 7 48 4 58 50 73 55 42 14 52 54 25 8 96 37 16 28 23 65 44 24 85 45 22 75 32 80
4 15 34 7 4 48 58 50 55 73 42 14 25 52 54 8 96 37 16 28 23 44 24 85 45 22 80 75 32 65
5 15 34 7 4 48 58 50 55 73 42 14 25 52 54 96 8 37 16 28 23 44 24 22 85 45 80 75 32
6 15 34 7 4 48 58 50 55 73 14 42 25 54 96 8 52 37 16 28 23 44 24 22 85 45 80 75 32
7 15 34 7 4 48 55 58 73 50 14 42 25 96 54 8 52 37 16 28 23 44 24 80 22 85 45 75 32
8 15 34 7 4 48 55 58 73 50 14 42 25 96 54 8 52 37 16 28 44 23 24 80 22 85 45 75 32
9 15 34 7 4 48 55 58 73 50 14 42 25 96 54 8 52 37 16 28 44 23 24 80 22 85 45 75 32
10 15 34 7 4 48 55 58 73 50 14 42 25 96 54 8 52 37 16 28 44 23 80 24 22 45 85 75 32
11 15 34 7 4 48 55 58 73 50 14 42 25 96 8 54 52 37 28 16 80 44 23 24 22 85 45 75 32
12 15 34 7 4 48 55 58 73 50 14 25 42 96 8 54 52 37 28 16 80 44 23 24 22 85 75 32
13 15 34 4 7 48 55 58 73 50 14 25 42 96 8 54 52 28 37 16 80 44 24 23 22 85 75 32
14 15 34 4 7 48 55 58 73 50 14 25 42 96 54 8 52 28 37 80 44 24 23 22 85 75 32
15 15 7 34 4 48 55 58 73 50 14 25 42 96 54 52 8 28 37 80 44 24 23 22 85 75 32
16 15 34 7 4 55 48 58 50 14 25 42 96 54 52 8 28 80 37 44 24 23 22 85 75 32
17 34 15 7 4 55 48 58 50 14 25 42 96 54 52 8 80 28 37 44 24 23 22 85 75 32
18 4 34 7 15 55 48 58 50 14 25 96 42 54 52 8 80 28 37 44 24 23 22 85 75 32
19 34 4 7 15 55 48 58 50 25 14 96 42 54 52 8 80 28 37 44 24 23 22 85 75 32
20 34 4 7 15 55 48 58 50 25 14 96 42 54 52 8 80 28 37 44 24 23 22 85 75 32
21 34 4 7 15 55 48 58 50 25 14 96 42 54 52 8 80 28 37 44 24 23 22 85 75 32
22 34 4 7 15 55 48 58 50 14 25 96 42 54 80 52 8 28 37 44 24 23 22 85 75 32
23 34 4 7 15 48 55 58 50 14 25 96 80 42 54 52 8 28 37 44 24 23 22 85 75 32
24 4 34 7 15 48 55 58 50 14 25 80 96 42 54 52 8 28 37 44 24 23 22 85 75 32
25 34 7 4 15 48 55 58 50 25 14 80 96 42 52 54 8 28 37 44 24 23 22 85 75
26 34 4 7 15 48 55 58 50 14 80 96 54 42 52 8 28 37 44 24 23
L
a
p
s
Lapped riderWinner
Estoril, Sunday, October 15, 2006
These data/results cannot be reproduced, stored and/or transmitted in whole or in part by any manner of electronic, mechanical, photocopying, recording, broadcasting or otherwise now known or
herein after developed without the previous express consent by the copyright owner, except for reproduction in daily press and regular printed publications on sale to the public within 60 days of the event
related to those data/results and always provided that copyright symbol appears together as follows below.
© DORNA, 2006
Official MotoGP Timing by TISSOT
www.motogp.com
