COMMERCIAL BANK GRAND PRIX OF QATAR
Results and timing service provided by
5380 m.
osail International Circu
Moto3
Race
Lap Chart 31
Pos
Grid 10
1
32
2
23
3
21
4
17
5
20
6
55
7
44
8
52
9
7
10
11
11
9
12
41
13
98
14
76
15
31
16
5
17
95
18
2
19
40
20
33
21
65
22
19
23
58
24
88
25
84
26
91
27
63
28
16
29
12
30
24
31
6
32
53
33
61
34
1 23 10 41 17 32 21 20 55 7 52 9 76 11 98 95 40 33 31 5 84 58 65 88 16 6 63 53 12 24 2 91 19 61 44
2 41 23 20 10 21 17 52 32 7 9 76 55 11 98 33 58 88 65 5 40 16 63 2 6 84 95 12 24 53 19 91 44 61
3 41 20 21 52 10 23 7 17 32 9 76 55 11 33 98 58 65 88 5 40 2 16 63 84 95 24 6 12 19 91 53 44 61
4 52 41 10 7 20 23 21 32 9 17 33 76 11 55 98 58 65 88 5 40 84 2 63 16 95 24 6 12 19 91 53 44 61
5 52 41 10 7 23 20 21 32 9 17 33 76 11 55 58 98 65 88 5 40 84 2 63 95 24 16 6 12 19 91 53 44 61
6 52 41 10 7 23 21 20 9 17 32 33 76 55 11 98 65 58 88 5 40 84 2 24 16 6 12 95 44 19 91 53 61 63
7 10 23 41 7 21 52 20 33 9 32 17 55 98 76 11 65 88 58 5 40 84 2 6 16 12 44 24 95 91 19 53 63 61
8 10 21 7 41 9 33 23 52 32 17 20 76 55 98 11 65 88 58 5 84 40 2 44 95 16 12 6 24 91 19 53 63 61
9 7 10 21 9 41 33 52 32 20 23 17 98 58 55 11 65 88 84 5 40 44 95 6 16 12 24 19 91 53 63 61
10 7 41 52 33 21 10 9 20 17 23 32 98 88 58 55 65 11 84 5 40 44 95 6 12 16 24 19 53 91 63 61
11 52 41 21 33 7 10 20 23 9 17 32 55 98 88 58 65 5 84 40 44 95 6 12 16 24 19 91 53 63 61
12 52 41 33 21 7 23 10 20 9 17 55 32 98 65 58 88 84 5 40 44 95 6 12 16 24 19 91 53 63 61
13 52 21 33 7 41 23 20 9 10 55 17 98 65 32 88 58 5 84 40 44 95 12 6 16 24 19 53 91 63 61
14 21 33 7 52 41 20 23 10 9 55 32 98 17 65 88 58 5 84 40 44 95 6 12 16 24 19 91 53 63 61
15 7 21 33 52 20 41 9 10 23 32 98 55 17 65 88 58 84 5 40 44 95 6 12 16 24 19 91 53 63 61
16 20 7 33 52 21 9 10 32 23 41 17 98 55 65 88 58 44 84 5 40 95 12 6 16 24 19 53 91 63 61
17 7 20 21 33 52 9 10 32 23 41 17 98 55 65 88 44 84 58 5 40 95 12 6 16 24 19 53 91 63 61
18 10 33 52 7 17 32 20 23 21 41 55 9 98 65 88 44 84 58 40 95 12 6 24 16 19 53 91 63 61
L
a
p
s
Lapped riderWinner
Doha, Sunday, March 29, 2015
These data/results cannot be reproduced, stored and/or transmitted in whole or in part by any manner of electronic, mechanical, photocopying, recording, broadcasting or otherwise now
known or herein after developed without the previous express consent by the copyright owner, except for reproduction in daily press and regular printed publications on sale to the public
within 60 days of the event related to those data/results and always provided that copyright symbol appears together as follows below.
© DORNA, 2015
Official MotoGP Timing by
www.motogp.com
TISSOT
