Lap Chart
GP MARLBORO DE PORTUGAL
Computerised results and timing service
4182m
Estoril
250cc
22
Race
Pos
Grid 24
1
7
2
50
3
54
4
5
5
21
6
3
7
10
8
8
9
6
10
14
11
34
12
9
13
57
14
15
15
26
16
11
17
28
18
16
19
36
20
33
21
96
22
52
23
51
24
66
25
40
26
41
27
18
28
98
29
1 24 5 3 7 54 21 6 10 50 14 8 9 33 15 26 11 28 34 36 57 52 96 66 41 40 51 18
2 24 5 7 3 54 21 10 6 50 8 14 9 33 26 15 11 28 36 34 57 52 96 66 41 40 51 18
3 24 5 7 3 54 21 10 50 6 8 14 9 33 15 26 11 28 36 34 57 96 66 41 40 51 18
4 5 7 24 3 54 21 10 50 8 6 14 9 33 26 15 11 28 36 34 57 96 66 41 40 51 18
5 5 7 24 3 54 21 10 50 8 6 14 9 33 26 15 11 28 34 36 57 96 66 40 41 51 18
6 5 7 24 54 3 21 10 50 8 6 14 9 33 26 15 34 57 36 66 40 41 51 18 28
7 5 7 24 54 3 21 10 50 8 14 6 9 33 26 15 34 36 66 40 41 51 28 18 57
8 7 5 24 54 3 21 50 10 8 14 6 9 33 34 26 15 36 66 40 41 28 51 18 57
9 7 5 24 54 3 21 50 8 10 14 6 9 34 33 26 15 36 66 40 28 41 51 18 57
10 24 5 7 54 3 21 50 8 10 14 6 34 9 33 26 15 36 66 40 28 41 51 18 57
11 24 5 54 7 3 21 50 8 10 14 6 34 33 26 15 36 66 40 28 41 51 57 18
12 24 5 54 3 7 21 50 8 10 6 14 34 26 33 15 36 66 28 40 51 41 57 18
13 24 5 54 3 7 21 50 8 10 6 14 26 34 33 15 36 28 66 40 51 57 41 18
14 24 5 54 3 7 21 50 8 10 6 14 26 34 15 33 36 28 40 66 57 51 41 18
15 24 5 54 3 7 21 50 8 10 14 6 26 34 15 33 36 28 40 66 57 51 41 18
16 24 5 54 3 7 21 50 8 10 14 6 34 33 15 36 26 28 40 66 57 51 41 18
17 24 5 54 3 7 21 50 8 10 6 14 34 15 33 26 36 28 40 66 57 51 41 18
18 24 5 54 3 7 21 50 8 10 6 14 34 33 15 26 36 28 40 66 57 51 41 18
19 24 54 3 5 7 21 50 8 10 6 14 34 33 26 15 36 28 40 66 57 51 41 18
20 24 54 3 5 7 21 50 8 10 14 6 34 33 26 15 36 28 40 66 57 51 41 18
21 24 3 54 5 7 21 50 8 10 14 6 34 33 26 15 36 28 40 66 57 51 41 18
22 24 3 54 5 7 21 8 50 10 14 6 34 26 33 15 36 28 40 66 57 51 41 18
23 24 3 54 5 7 21 8 50 10 14 6 34 26 33 15 36 28 40 66 57 51 41 18
24 24 3 54 5 7 21 8 50 10 14 6 34 33 26 15 36 28 40 66 57 51 41 18
25 24 54 5 3 7 21 8 50 10 14 6 34 33 26 15 36 28 66 40 57 51 41 18
26 24 54 7 3 5 21 50 8 10 14 6 34 33 26 15 36 28
L
a
p
s
Lapped riderWinner
Estoril, Sunday, September 07, 2003
These data/results cannot be reproduced, stored and/or transmitted in whole or in part by any manner of electronic, mechanical, photocopying, recording, broadcasting or otherwise now known or
herein after developed without the previous express consent by the copyright owner, except for reproduction in daily press and regular printed publications on sale to the public within 60 days of the event
related to those data/results and always provided that copyright symbol appears together as follows below.
© DORNA, 2003
Official information of MotoGP
www.motograndprix.com
