GRAN PREMI GAULOISES DE CATALUNYA
Computerised results and timing service
4727 m.
Circuit de Catalunya
125cc
Race
Lap Chart
22
Pos
Grid 48
1
3
2
27
3
22
4
52
5
15
6
6
7
34
8
63
9
21
10
10
11
19
12
58
13
14
14
36
15
24
16
54
17
41
18
25
19
7
20
32
21
42
22
26
23
23
24
50
25
43
26
33
27
47
28
28
29
66
30
38
31
68
32
8
33
11
34
71
35
78
36
1 15 34 27 19 21 48 24 10 58 6 3 36 14 54 52 63 22 41 42 50 47 26 68 23 7 33 66 71 25 43 8 11 28 38 78
2 34 15 19 27 21 48 58 52 10 36 63 22 14 54 6 41 42 50 47 26 7 23 3 68 33 66 25 71 28 43 38 11 8 78
3 34 15 21 19 27 48 58 22 36 52 63 54 10 14 6 42 41 50 3 26 47 23 7 33 68 25 28 43 66 71 11 38 8 78
4 15 34 21 19 48 27 58 22 36 52 63 54 14 10 6 42 3 41 50 26 47 23 7 33 25 68 28 43 66 71 11 38 78 8
5 48 15 34 21 58 19 27 22 63 52 36 54 6 42 3 10 14 50 41 47 26 23 7 25 33 68 28 43 66 71 38 11 78
6 48 19 34 58 15 21 27 22 36 52 6 54 63 3 42 14 10 41 47 26 50 23 25 33 7 28 43 68 66 11 38 71 78
7 48 34 19 15 58 27 21 22 36 6 52 54 3 42 63 14 10 41 47 50 26 23 25 33 7 28 43 68 66 11 38 71 78
8 19 48 15 34 58 27 21 22 6 36 54 52 3 63 42 14 10 41 47 50 26 23 25 33 7 28 43 68 66 38 11 71 78
9 48 34 19 15 27 58 21 22 52 36 6 3 54 63 42 14 10 41 47 50 23 26 25 33 7 28 43 68 66 11 38 71 78
10 48 34 15 19 27 58 21 22 3 52 36 63 6 54 42 14 47 10 41 23 50 26 25 33 7 28 43 68 66 11 38 71 78
11 48 34 15 19 58 27 22 21 3 36 63 52 6 54 42 14 23 47 41 26 10 50 25 33 7 28 43 68 66 11 38 71 78
12 48 15 34 19 58 27 22 3 21 36 54 52 6 42 63 14 23 41 47 10 26 50 25 33 7 43 28 68 66 11 38 71 78
13 48 15 19 34 27 22 58 3 21 36 6 54 42 63 52 14 41 10 47 23 26 50 25 33 28 43 7 66 11 38 71 78
14 48 15 34 19 22 27 58 3 21 36 6 54 63 42 52 41 14 47 10 23 26 50 25 33 28 43 7 66 11 38 71 78
15 48 15 34 22 27 19 58 3 21 6 63 54 52 36 42 41 47 10 14 26 23 50 25 33 28 7 43 66 11 38 71 78
16 15 48 27 34 22 19 58 3 21 63 54 52 6 36 42 41 47 10 26 14 23 50 25 33 7 28 43 66 11 38 71 78
17 15 22 48 34 19 27 3 58 63 21 36 52 54 42 6 41 47 10 14 26 50 25 33 28 43 7 66 11 38 71 78
18 22 3 48 19 58 27 34 63 36 54 52 6 21 42 41 47 10 14 26 50 25 33 43 28 7 66 11 38 71 78
19 22 3 19 48 27 34 58 63 54 36 52 6 42 21 41 10 47 14 26 50 25 33 43 7 28 11 38 66 71 78
20 3 22 48 27 19 34 58 63 52 54 36 6 42 21 26 47 10 14 41 50 25 33 43 28 7 66 11 38 71 78
21 3 22 27 34 48 19 58 63 36 6 54 52 21 42 47 26 14 10 41 50 25 33 28 7 43 66 11 38 71 78
22 3 34 22 27 48 19 58 63 36 6 54 21 42 10 47 26 14 41 25 50 33 7 28 43 38 71 66
L
a
p
s
Lapped riderWinner
Barcelona, Sunday, June 13, 2004
These data/results cannot be reproduced, stored and/or transmitted in whole or in part by any manner of electronic, mechanical, photocopying, recording, broadcasting or otherwise now
known or herein after developed without the previous express consent by the copyright owner, except for reproduction in daily press and regular printed publications on sale to the public
within 60 days of the event related to those data/results and always provided that copyright symbol appears together as follows below.
© DORNA, 2004
Official information of MotoGP
www.motogp.com
