IVECO TT ASSEN
Computerised results and timing service provided by
4542 m.
Assen
125cc
Race
Lap Chart 19
TISSOT
Pos
Grid 25
1
5
2
11
3
55
4
39
5
7
6
94
7
33
8
52
9
99
10
15
11
30
12
77
13
3
14
10
15
50
16
84
17
96
18
23
19
21
20
41
21
26
22
31
23
17
24
51
25
56
26
19
27
67
28
28
29
36
30
75
31
53
32
61
33
43
34
63
35
18
36
1 33 7 25 5 39 11 94 55 52 99 77 23 15 10 30 21 3 41 50 31 51 26 84 53 63 56 96 43 19 67 75 28 17 61 36
2 33 39 7 5 11 25 94 52 55 77 99 23 10 15 30 21 3 41 50 26 84 51 53 63 96 56 19 28 43 75 67 17 36 61 31
3 7 39 5 33 11 25 55 94 52 99 10 15 77 23 21 30 26 3 41 50 84 53 51 63 96 56 28 19 43 17 75 67 36 61 31
4 5 33 11 7 39 94 55 25 99 52 10 15 23 77 21 30 3 41 53 26 50 84 63 51 96 28 56 19 17 43 75 67 36 61
5 33 5 7 11 39 94 25 55 52 10 15 77 99 23 21 30 53 3 41 84 50 26 63 51 96 28 56 17 19 43 75 36 67 61
6 33 11 5 7 39 94 25 55 52 10 15 77 23 99 21 30 53 26 41 50 84 3 63 51 96 28 56 17 19 43 75 36 61 67
7 11 5 33 7 25 39 55 94 52 10 15 77 23 99 21 53 26 30 41 84 63 3 96 51 28 56 17 19 43 36 75 61 67 50
8 11 33 5 25 7 39 52 55 94 10 15 77 23 99 21 41 30 84 63 3 96 51 28 56 17 19 43 36 75 61 67 53 50 26
9 11 5 33 25 39 7 52 10 94 55 15 77 23 99 41 30 63 84 3 96 51 28 56 21 19 17 43 75 36 61 67 53 50 26
10 25 11 5 33 39 52 7 10 94 15 55 77 23 99 63 3 41 30 84 96 51 28 56 21 19 43 17 75 36 61 67 53 50 26
11 25 11 33 5 39 52 7 10 94 55 15 77 23 99 63 3 41 84 30 96 51 28 56 19 21 43 17 36 75 67 61 53 50 26
12 25 11 33 39 5 52 7 94 55 77 10 15 23 99 63 3 84 30 41 96 56 28 51 43 19 21 17 36 75 67 61 53 50
13 25 33 11 5 39 52 7 94 77 55 10 15 99 23 63 84 3 30 41 96 56 28 51 19 43 21 17 36 75 67 50 61
14 25 39 33 11 5 52 7 94 77 55 10 15 99 63 23 84 3 41 30 56 28 51 19 43 21 17 36 75 67 96 50 61
L
a
p
s
Lapped riderWinner
Assen, Saturday, June 25, 2011
These data/results cannot be reproduced, stored and/or transmitted in whole or in part by any manner of electronic, mechanical, photocopying, recording, broadcasting or otherwise now
known or herein after developed without the previous express consent by the copyright owner, except for reproduction in daily press and regular printed publications on sale to the public
within 60 days of the event related to those data/results and always provided that copyright symbol appears together as follows below.
© DORNA, 2011
Official MotoGP Timing by
www.motogp.com
TISSOT
