Lap Chart
MARLBORO GRAND PRIX OF JAPAN
Computerised results and timing service
5864m
Suzuka
500cc
22
Pos
Grid 2
1
4
2
19
3
5
4
99
5
65
6
8
7
6
8
7
9
1
10
24
11
9
12
46
13
10
14
55
15
17
16
31
17
25
18
11
19
22
20
15
21
12
22
1 2 6 4 8 1 99 7 24 10 5 65 9 46 55 17 25 19 31 15 11 22 12
2 2 6 4 8 1 7 99 24 10 9 5 46 65 55 19 17 25 31 15 22 11 12
3 2 6 4 1 8 7 24 10 99 9 5 46 19 65 55 17 25 31 15 22 11 12
4 2 4 6 1 8 7 24 9 10 99 5 46 19 65 55 17 15 22 11 31 12 25
5 2 4 6 1 8 7 24 9 10 99 5 46 19 65 55 17 11 15 22 12 31
6 2 4 6 1 8 7 9 24 10 99 5 46 19 65 17 55 11 15 22 12 31
7 2 4 1 6 8 7 9 24 10 99 5 19 46 65 17 55 11 22 15 12 31
8 4 1 2 6 8 7 9 24 10 99 5 19 46 65 17 55 11 22 15 12 31
9 2 4 1 6 8 7 9 10 24 99 19 5 46 65 17 55 11 15 22 12
10 4 2 1 8 6 7 9 10 99 19 24 5 46 65 17 55 15 11 22 12
11 2 1 6 8 7 9 10 99 24 5 19 46 65 17 55 11 15 22 12
12 2 1 6 8 7 9 10 99 24 5 19 46 65 17 55 11 22 15 12
13 1 2 6 8 7 9 10 99 5 24 19 46 65 17 55 11 22 15 12
14 2 1 8 6 7 9 10 99 5 19 24 46 65 17 55 11 22 15 12
15 2 1 6 8 9 7 10 99 5 19 24 46 65 17 55 11 22 15 12
16 2 1 6 8 9 7 10 99 5 19 24 46 65 17 55 11 15 22 12
17 2 1 6 8 9 7 10 99 5 19 24 46 65 17 55 15 11 22 12
18 6 2 8 9 7 1 10 99 19 5 24 46 65 17 55 15 11 22 12
19 6 2 8 9 7 1 10 99 19 5 24 46 65 17 55 11 15 22 12
20 6 2 8 9 7 1 10 99 24 19 5 46 65 17 55 11 15 22 12
21 6 2 8 9 7 1 10 99 24 19 46 65 17 55 11 15 22
L
a
p
s
Lapped riderWinner
Suzuka, Sunday, April 09, 2000
MotoGP MotoGP MotoGP MotoGP MotoGP MotoGP MotoGP MotoGP MotoGP MotoGP MotoGP MotoGP MotoGP MotoGP MotoGP MotoGP MotoGP MotoGP MotoGP MotoGP MotoGP MotoGP MotoGP MotoGP MotoGP MotoGP MotoGP MotoGP MotoGP MotoGP MotoGP MotoGP MotoGP MotoGP MotoGP MotoGP MotoGP MotoGP MotoGP Moto
Official information of MotoGP
