Lap Chart
MARLBORO GRAND PRIX OF JAPAN
Computerised results and timing service
5864m
Suzuka
125cc
22
Pos
Grid 41
1
5
2
4
3
9
4
23
5
8
6
12
7
56
8
26
9
21
10
55
11
3
12
1
13
32
14
16
15
29
16
58
17
18
18
39
19
57
20
22
21
11
22
51
23
15
24
24
25
59
26
53
27
17
28
35
29
10
30
54
31
1 41 8 23 9 4 21 55 1 12 32 5 39 56 26 16 3 51 18 24 57 58 17 22 35 11 59 53 10 29
2 41 8 4 23 9 5 21 55 1 56 12 26 32 39 3 16 51 18 24 17 57 58 22 11 35 59 53 10
3 4 41 23 5 21 12 1 55 56 26 3 9 39 16 51 18 17 24 57 58 22 35 11 59 53 10
4 4 41 5 23 55 21 12 56 1 3 26 9 16 51 39 17 18 22 57 58 35 11 59 53 10
5 4 41 5 23 21 55 3 12 1 56 26 9 16 51 39 17 18 22 58 57 35 11 53 59 10
6 4 41 5 23 3 21 1 55 56 26 9 12 16 51 17 18 22 39 58 57 35 11 53 59 10
7 4 41 5 23 3 1 21 55 56 9 26 12 16 51 18 17 22 58 57 35 11 39 53 59 10
8 4 41 5 23 3 1 55 21 56 9 26 12 16 51 22 17 57 58 18 35 11 59 39 53 10
9 4 41 5 23 3 1 55 21 26 12 56 16 51 22 57 17 58 18 35 11 53 39 10
10 4 41 5 23 3 55 1 21 12 26 56 16 51 57 22 17 18 58 35 11 53 39 10
11 4 41 5 23 3 21 55 1 12 26 56 16 51 57 22 18 17 58 35 11 53 39 10
12 4 41 5 23 3 21 55 1 12 26 56 16 51 57 22 17 18 58 35 53 11 39 10
13 4 41 5 23 3 1 55 21 12 26 56 16 51 57 17 22 18 58 53 35 11 10
14 4 41 5 3 23 55 26 1 12 21 56 16 51 17 57 18 22 58 53 11 35 10
15 41 5 3 23 55 1 26 12 21 56 16 51 18 22 17 57 58 35 53 11 4 10
16 41 5 3 23 1 55 12 21 26 56 51 22 18 17 57 58 35 53 11 10
17 41 5 3 23 1 26 21 55 12 56 51 22 17 57 58 35 18 53 11 10
18 41 5 3 23 1 26 55 21 56 12 22 51 17 57 58 35 18 53 11 10
L
a
p
s
Lapped riderWinner
Suzuka, Sunday, April 09, 2000
MotoGP MotoGP MotoGP MotoGP MotoGP MotoGP MotoGP MotoGP MotoGP MotoGP MotoGP MotoGP MotoGP MotoGP MotoGP MotoGP MotoGP MotoGP MotoGP MotoGP MotoGP MotoGP MotoGP MotoGP MotoGP MotoGP MotoGP MotoGP MotoGP MotoGP MotoGP MotoGP MotoGP MotoGP MotoGP MotoGP MotoGP MotoGP MotoGP Moto
Official information of MotoGP
