Lap Chart
MARLBORO GRAND PRIX OF JAPAN
Computerised results and timing service
5864m
Suzuka
250cc
22
Pos
Grid 74
1
19
2
56
3
4
4
50
5
6
6
8
7
13
8
49
9
32
10
21
11
9
12
48
13
14
14
18
15
15
16
30
17
37
18
16
19
51
20
47
21
24
22
66
23
25
24
11
25
77
26
10
27
41
28
26
29
42
30
44
31
54
32
12
33
1 56 74 19 4 13 8 14 9 50 21 51 18 66 49 6 37 48 47 44 16 41 24 11 10 77 26 42 32 15
2 56 19 74 4 13 8 14 21 50 9 6 49 51 66 48 18 37 47 44 16 24 41 11 10 32 26 77 15 42
3 56 74 19 4 13 8 14 21 50 6 9 49 48 51 18 37 66 47 16 44 24 32 11 41 10 26 42 77
4 56 74 19 4 13 8 14 6 21 50 9 49 18 48 37 51 47 66 32 16 11 24 44 10 26 41 42
5 56 74 4 19 13 8 14 50 21 49 9 18 48 37 47 51 66 32 16 11 24 26 44 10 41 42
6 56 74 4 19 13 8 14 50 21 49 9 37 18 48 47 51 66 32 11 24 16 26 44 10 41 42
7 74 56 4 19 13 8 14 21 49 50 9 37 48 18 47 66 32 51 11 24 16 26 44 10 41 42
8 74 4 56 19 13 8 14 49 21 50 9 37 48 47 18 32 66 51 24 26 16 10 41 44 42
9 74 56 4 19 13 8 49 14 21 50 9 37 48 47 18 32 66 51 24 26 16 41 10 44 42
10 74 56 4 19 13 8 14 49 21 50 9 37 48 47 18 32 66 24 26 51 16 41 10 42
11 74 56 4 19 13 8 14 49 21 50 9 37 48 32 47 18 66 24 26 16 51 10 41 42
12 74 56 4 19 13 8 14 49 21 50 9 37 48 47 18 32 66 24 26 16 51 41 10 42
13 74 56 4 19 13 8 14 49 21 50 9 37 48 32 47 18 66 24 26 16 51 41 10 42
14 74 56 4 19 13 8 14 49 21 50 9 37 48 32 47 18 66 24 26 16 51 41 10 42
15 74 56 4 19 13 8 14 49 21 50 9 37 48 32 47 66 18 26 24 16 51 41 10 42
16 74 56 4 19 13 8 14 49 21 50 37 48 9 32 66 47 18 26 24 16 51 41 10 42
17 74 4 56 19 13 8 14 49 21 50 37 48 9 32 26 66 24 47 18 16 51 41 10 42
18 74 4 56 19 13 8 14 49 21 37 50 48 9 32 26 66 24 47 18 16 51 41 10 42
19 74 4 56 19 13 8 14 21 49 48 50 37 9 26 32 66 24 47 16 18 51 41 10 42
L
a
p
s
Lapped riderWinner
Suzuka, Sunday, April 09, 2000
MotoGP MotoGP MotoGP MotoGP MotoGP MotoGP MotoGP MotoGP MotoGP MotoGP MotoGP MotoGP MotoGP MotoGP MotoGP MotoGP MotoGP MotoGP MotoGP MotoGP MotoGP MotoGP MotoGP MotoGP MotoGP MotoGP MotoGP MotoGP MotoGP MotoGP MotoGP MotoGP MotoGP MotoGP MotoGP MotoGP MotoGP MotoGP MotoGP Moto
Official information of MotoGP
