bwin.com BRITISH GRAND PRIX
Computerised results and timing service provided by
4023 m.
Donington Park
125cc
Race
Lap Chart 22
TISSOT
Pos
Grid 24
1
1
2
33
3
45
4
44
5
29
6
18
7
93
8
22
9
71
10
35
11
38
12
12
13
99
14
6
15
51
16
11
17
17
18
34
19
60
20
63
21
73
22
27
23
8
24
30
25
16
26
77
27
5
28
56
29
21
30
95
31
69
32
19
33
64
34
66
35
65
36
67
37
68
38
7
39
1 29 24 93 33 45 38 35 12 71 1 17 11 60 34 18 77 6 8 63 16 73 5 27 51 56 69 21 64 30 19 67 65 66 68 95
2 29 45 33 24 93 38 35 12 17 11 71 60 34 63 18 77 16 8 6 5 73 51 27 56 21 69 30 19 64 66 67 65 95 68
3 29 45 24 93 33 38 35 12 71 17 60 11 63 34 16 18 77 8 6 73 5 51 27 30 21 56 69 19 64 66 67 65 95 68
4 29 45 93 24 33 35 12 71 38 63 17 60 11 34 16 18 8 6 77 73 5 51 27 30 21 69 56 19 64 67 66 65 95 68
5 29 45 93 33 35 24 71 12 17 38 63 11 60 34 16 6 18 8 73 77 51 5 27 21 69 56 30 19 64 67 66 95 68
6 29 45 33 35 93 71 12 24 63 17 38 11 34 60 6 16 18 73 8 51 77 27 21 69 56 30 19 64 66 67 95 68
7 29 45 33 35 93 71 12 63 17 24 38 11 34 60 6 73 16 18 8 51 77 27 21 69 30 56 19 64 66 67 95 68
8 29 45 33 35 93 71 63 12 17 11 24 38 34 60 6 73 16 18 8 77 51 27 21 30 69 56 19 64 67 66 95 68
9 29 45 93 33 35 63 71 12 17 11 38 24 34 60 6 73 18 16 8 51 77 27 21 30 69 56 19 64 67 66 95 68
10 29 45 63 33 93 35 12 71 38 11 17 24 34 60 73 6 18 16 8 51 77 27 21 30 69 19 64 56 67 66 95 68
11 29 45 63 93 33 35 12 71 38 11 17 24 34 60 73 6 16 8 18 51 77 27 21 30 69 19 64 56 67 95 66 68
12 29 45 63 33 93 35 12 71 38 11 17 24 34 60 73 6 16 8 18 51 77 27 21 30 69 19 64 56 67 95 66 68
13 29 45 63 33 93 71 35 17 38 11 12 24 60 34 73 6 16 8 18 51 77 27 21 30 69 19 64 56 67 95 66 68
14 29 45 63 33 93 35 11 71 12 38 24 60 34 73 6 16 8 18 51 77 17 27 21 30 69 19 64 56 67 95 66 68
15 29 45 63 33 93 35 71 12 11 38 24 60 34 73 6 16 8 18 51 77 17 27 21 30 69 19 67 56 95
16 29 45 63 93 33 35 71 12 38 11 24 73 60 34 6 16 8 18 51 77 17 27 21 30 69 19 95 67 56
17 29 45 63 93 33 35 71 12 11 38 24 73 6 60 34 16 8 18 51 77 27 17 21 30 69 19 95 67 56
18 29 45 63 93 33 35 71 12 38 11 24 73 6 34 60 16 8 18 51 77 27 21 17 30 69 95 19 56 67
19 29 45 63 93 33 71 35 12 38 24 11 73 6 34 60 16 8 18 51 77 27 21 30 69 95 19 56 67
20 45 63 93 33 35 71 38 24 12 73 6 11 60 34 16 8 51 18 77 27 21 30 69 19 95 56 67
21 45 93 63 33 35 71 24 38 73 12 6 11 60 34 16 8 51 18 77 27 21 30 69 19 95 56 67
22 45 63 93 33 35 71 38 24 73 12 6 11 60 34 8 16 51 18 77 27 21 30 69 19 56 95 67
23 45 63 93 33 35 71 24 73 6 38 12 11 60 34 16 8 51 18 77 27 21 30 69 95 56 19 67
24 45 63 93 33 71 24 35 6 73 12 38 11 60 34 16 8 51 18 77 27 21 30 69 95 56 67 19
25 45 63 93 33 24 71 6 73 11 38 12 60 34 35 8 16 51 18 77 27 21 30 69
L
a
p
s
Lapped riderWinner
Donington, Sunday, June 22, 2008
These data/results cannot be reproduced, stored and/or transmitted in whole or in part by any manner of electronic, mechanical, photocopying, recording, broadcasting or otherwise now
known or herein after developed without the previous express consent by the copyright owner, except for reproduction in daily press and regular printed publications on sale to the public
within 60 days of the event related to those data/results and always provided that copyright symbol appears together as follows below.
© DORNA, 2008
Official MotoGP Timing by
www.motogp.com
TISSOT
