A-STYLE TT ASSEN
Computerised results and timing service provided by
4555 m.
Assen
250cc
Race
Lap Chart 22
TISSOT
Pos
Grid 1
1
34
2
19
3
4
4
80
5
12
6
3
7
58
8
60
9
36
10
32
11
41
12
15
13
73
14
55
15
25
16
8
17
16
18
44
19
17
20
50
21
28
22
45
23
72
24
10
25
7
26
69
27
68
28
70
29
1 1 34 3 80 19 12 58 36 4 60 55 73 41 16 32 17 15 7 50 25 44 28 45 72 8 69 68 10
2 1 34 3 19 80 12 4 36 58 60 55 73 32 41 16 17 7 25 15 50 44 28 45 8 72 10 68 69
3 1 34 3 19 80 12 58 4 36 60 73 55 32 16 41 17 7 25 15 44 28 50 8 45 72 10 68 69
4 1 34 3 19 12 80 4 58 36 60 73 55 32 17 16 41 25 15 7 44 28 50 8 45 72 10 68 69
5 1 34 3 19 12 80 4 58 36 60 73 55 32 16 15 41 17 25 7 44 28 50 8 45 72 10 68 69
6 1 34 3 19 12 80 4 36 58 60 73 55 32 15 16 41 17 25 44 7 28 50 8 45 72 10 68 69
7 1 34 3 19 12 80 4 36 58 60 73 55 32 15 16 17 41 44 25 7 28 8 50 45 72 10 68 69
8 1 3 34 19 12 80 4 36 58 73 55 15 32 60 16 17 44 41 25 28 7 50 8 45 72 10 68 69
9 1 3 34 19 12 80 4 36 58 73 15 55 32 44 16 17 41 25 28 7 8 50 45 10 72 68 69
10 1 3 34 19 12 4 80 36 58 15 73 55 32 44 16 17 41 28 8 7 50 25 45 10 68 72 69
11 1 3 34 19 12 4 36 58 80 15 73 55 32 44 17 16 41 8 28 7 50 25 10 68 69 45
12 1 3 34 19 12 4 36 58 80 15 73 55 32 44 41 16 8 17 28 25 7 50 10 68 69
13 1 3 34 19 12 4 36 58 80 15 73 55 32 44 41 16 17 8 25 7 28 50 10 68 69
14 1 3 34 19 12 4 58 80 36 15 73 55 32 44 17 41 16 8 25 28 7 50 10 68 69
15 1 3 34 19 12 4 58 80 36 15 73 55 32 44 17 8 41 25 16 28 7 50 10 68 69
16 1 3 19 34 12 4 58 80 36 15 73 55 32 44 17 8 41 25 16 28 7 50 10 68 69
17 1 3 19 34 4 58 80 12 36 15 73 55 32 44 17 8 41 25 16 28 7 50 10 68 69
18 1 3 19 34 4 58 80 36 12 73 15 55 32 44 17 8 41 16 28 25 7 50 10 68 69
19 1 3 19 34 4 58 80 36 73 15 55 32 44 17 8 41 28 25 7 16 50 10 68 69
20 1 3 19 34 4 58 80 36 15 73 55 32 44 17 8 41 28 7 25 16 50 10 69 68
21 1 3 19 34 4 58 80 36 15 73 55 32 44 17 8 28 41 7 25 16 50 10 69 68
22 1 3 19 34 4 58 80 36 15 73 55 32 44 8 17 28 41 7 25 16 50 10 69
23 1 3 19 34 4 58 80 36 15 55 32 73 44 8 17 28 41 7 25 16 50 10 69
24 1 3 19 34 4 58 80 36 15 55 32 44 73 8 17 28 41 7 25 16
L
a
p
s
Lapped riderWinner
Assen, Saturday, June 30, 2007
These data/results cannot be reproduced, stored and/or transmitted in whole or in part by any manner of electronic, mechanical, photocopying, recording, broadcasting or otherwise now
known or herein after developed without the previous express consent by the copyright owner, except for reproduction in daily press and regular printed publications on sale to the public
within 60 days of the event related to those data/results and always provided that copyright symbol appears together as follows below.
© DORNA, 2007
Official MotoGP Timing by
www.motogp.com
TISSOT
