GRAN PREMIO IVECO DE ARAGÓN
Computerised results and timing service provided by
5078 m.
Motorland Aragon
Moto3
Race
Lap Chart 19
TISSOT
Pos
Grid
1
94
2
39
3
11
4
5
5
52
6
25
7
63
8
7
9
44
10
42
11
27
12
23
13
96
14
19
15
58
16
61
17
84
18
12
19
26
20
31
21
30
22
29
23
8
24
53
25
9
26
49
27
17
28
99
29
32
30
89
31
80
32
41
33
51
34
95
1 94 39 63 7 11 5 52 27 44 96 42 61 23 12 19 31 84 26 8 58 32 30 29 9 41 17 89 49 51 95 80 99 53
2 94 39 63 11 5 7 27 44 42 52 96 61 23 19 12 31 84 26 32 8 9 58 41 29 30 89 17 51 95 80 99
3 63 94 39 11 5 7 27 44 52 42 61 96 23 19 12 31 84 32 9 26 41 8 58 29 30 89 17 80 51 99 95
4 63 11 94 7 5 39 27 42 44 96 52 61 23 19 12 31 84 9 32 26 8 29 89 17 30 51 99 80 95 41 58
5 63 11 7 94 39 42 5 27 96 44 61 52 23 31 19 12 84 9 32 26 8 29 89 17 30 99 51 80 95 41 58
6 11 63 7 42 39 44 96 94 27 5 61 52 23 31 19 12 84 26 9 32 8 29 89 17 30 41 99 95 80 51 58
7 11 63 7 39 42 44 96 5 94 27 52 61 23 31 12 19 84 26 9 32 8 29 17 89 30 41 99 95 80 51 58
8 11 63 39 7 44 42 96 5 94 27 52 23 61 19 31 12 84 26 9 32 8 29 17 89 30 41 99 58 80 95 51
9 11 63 39 42 7 96 44 27 52 94 61 19 31 12 84 23 5 32 9 26 8 29 17 30 89 41 99 58 80 95 51
10 11 63 42 7 39 96 44 27 52 94 61 19 31 84 12 23 32 26 9 8 17 29 30 89 41 99 58 80 95 51
11 11 42 7 96 63 39 44 52 27 94 61 19 31 84 12 23 32 26 9 8 17 30 29 89 41 58 99 80 95 51
12 11 7 42 44 96 52 39 94 63 27 61 19 84 31 12 23 26 32 9 8 30 29 89 17 41 58 99 80 95 51
13 42 11 44 96 52 7 39 94 63 27 61 19 84 31 23 12 26 32 9 8 89 30 29 17 41 58 99 95 80 51
14 52 11 7 94 42 44 39 96 61 63 19 27 84 23 31 12 32 26 9 8 30 17 29 89 41 58 99 80 95 51
15 52 11 7 39 94 42 44 96 61 27 19 84 23 12 31 32 26 9 8 41 29 30 17 89 58 99 80 95 51
16 11 52 7 39 94 42 44 96 61 27 19 84 23 12 31 32 26 9 8 41 30 29 17 89 58 99 95 51 80
17 52 11 7 39 94 42 96 44 61 27 84 19 23 12 31 26 32 8 9 41 29 30 17 89 58 99 51 80
18 52 39 7 11 94 96 44 42 61 27 84 19 23 12 31 32 8 9 41 29 30 89 17 58 99 51 80
19 39 11 94 7 52 42 44 96 61 27 84 19 23 12 31 8 32 41 9 29 89 17 30 58 99 51 80
20 39 11 94 52 7 42 96 44 61 27 84 19 23 31 12 41 32 9 8 29 89 17 30 58 99 51 80
L
a
p
s
Lapped riderWinner
Alcañiz, Sunday, September 30, 2012
These data/results cannot be reproduced, stored and/or transmitted in whole or in part by any manner of electronic, mechanical, photocopying, recording, broadcasting or otherwise now
known or herein after developed without the previous express consent by the copyright owner, except for reproduction in daily press and regular printed publications on sale to the public
within 60 days of the event related to those data/results and always provided that copyright symbol appears together as follows below.
© DORNA, 2012
Official MotoGP Timing by
www.motogp.com
TISSOT
