    Motorland Aragon               Computerised results and timing service provided by TISSOT
                                                                                                                                                                      Moto2
                                  GRAN PREMIO IVECO DE ARAGÓN
                                  Race
          5078 m.                 Lap Chart                                                                                                                                           19
Pos         1 2 3 4 5 6 7 8 9 10 11 12 13 14 15 16 17 18 19 20 21 22 23 24 25 26 27 28 29 30 31 32 33
Grid        3 40 29 71 81 18 93 38 45 5 80 36 30 49 19 72 63 15 12 95 60 8 77 92 23 14 84 75 57 22 82 20 10


     1      3 40 71 29 38 93 45              5 80 63 18 36 81 95 19 60 12 49 77                      8 72 14 23 92 84 75 20 57 22 10 82 30 15
     2      3 40 29 71 38          5 93 45 80 63 18 36 95 19 60 12 81 49 77                          8 72 14 23 92 84 75 20 57 22 10 82 30
     3      3 29 93 40 71          5 38 80 45 63 18 36 12 60 81 95 49 19 77                          8 72 14 23 92 84 75 20 57 22 10 82 30
     4      3 93 40 29 71 80            5 38 63 45 18 12 36 60 95 81 49 77                      8 23 72 14 92 84 75 57 20 22 10 82 30
     5    93    3 40 29        5 71 80 63 38 45 18 12 36 95 60 81 49 77                         8 23 72 14 92 84 75 57 22 20 10 82 30
     6    93 40 29        3    5 71 80 63 38 45 12 18 36 95 60 81 49 77                         8 23 72 14 92 84 75 57 22 20 82 10 30
     7    93 40 29        3    5 71 80 63 38 45 12 18 95 36 81 60 49 77                         8 23 72 92 14 84 75 57 22 20 82 10 30
     8    93 40      3 29      5 71 80 63 38 45 12 95 18 81 60 36 49 77                         8 23 72 92 84 14 75 57 20 22 82 10 30
     9    93 40      3 29      5 71 80 63 38 45 95 12 18 81 36 60 49 77                         8 23 72 92 84 14 75 57 20 22 82 10 30
    10    93 40      3 29      5 71 80 38 63 45 95 12 18 81 36 60 49 77                         8 92 23 72 84 14 75 57 20 22 82 10 30

L   11    93 40      3 29      5 71 80 38 45 63 95 12 81 18 36 49 60 77                         8 92 72 23 84 14 75 57 20 22 82 10 30
a   12    93 40      3 29      5 38 71 80 45 63 95 12 81 18 49 36 60 77                         8 92 72 23 84 14 75 57 20 22 82 10 30
p         93 29 40        3    5 38 45 71 80 95 63 81 12 18 49 36 60 77                         8 92 72 23 84 14 75 57 20 22 82 10 30
s
    13
    14    93 29 40        3    5 38 45 71 80 81 95 63 12 18 49 36 60 77 92                           8 72 23 84 75 14 57 20 22 82 10 30
    15    29 40 93        3    5 38 45 71 80 81 95 12 18 63 36 49 60 77 92                           8 23 84 72 75 14 57 22 20 82 10 30
    16    29 93 40        5 45 38 71 80          3 95 81 12 18 63 36 49 77 60 92                     8 23 84 72 75 14 57 22 82 20 10 30
    17    29 40 93 45 38           5 71 80       3 95 81 12 18 63 49 77 60 36 92                     8 23 84 72 75 14 57 22 82 20 10 30
    18    40 29 93 45          5 38 71 80        3 95 81 12 18 63 49 77 60 36 92                     8 23 84 72 75 14 57 82 20 10 22 30
    19    40 93 29 45          5 38 80       3 81 95 71 12 18 63 49 77 60 36 92                      8 23 84 72 75 14 57 82 10 20 22 30
    20    40 93 29 45 38           5    3 80 81 95 71 12 18 63 49 77 60 36 92 84 23                           8 72 75 14 57 82 20 10 22 30
    21    40 93 45 29 38           5    3 81 71 95 12 80 18 63 77 36 49 60 92 23 84                           8 72 75 14 57 82 20 10 30 22




          Winner                   Lapped rider
These data/results cannot be reproduced, stored and/or transmitted in whole or in part by any manner of electronic, mechanical, photocopying, recording, broadcasting or otherwise now
known or herein after developed without the previous express consent by the copyright owner, except for reproduction in daily press and regular printed publications on sale to the public
within 60 days of the event related to those data/results and always provided that copyright symbol appears together as follows below.
© DORNA, 2012

Official MotoGP Timing byTISSOT
www.motogp.com

Alcañiz, Sunday, September 30, 2012
