Lap Chart
ARNETTE AFRICA'S GRAND PRIX
Computerised results and timing service
4242m
Phakisa Freeway
125cc
22
Race
Pos
Grid 41
1
22
2
34
3
15
4
7
5
17
6
3
7
36
8
6
9
79
10
4
11
8
12
80
13
1
14
23
15
24
16
33
17
58
18
27
19
48
20
26
21
12
22
11
23
42
24
32
25
19
26
31
27
14
28
10
29
63
30
25
31
21
32
78
33
1 41 34 22 17 15 3 8 4 27 6 80 36 1 32 24 42 33 14 19 12 58 23 11 10 26 48 31 63 25 78 21 79 7
2 41 34 22 17 3 15 8 4 27 6 80 36 1 24 32 42 33 58 12 14 19 23 11 26 10 48 31 63 78 21 79 25
3 41 34 22 17 3 15 4 8 27 6 80 36 24 1 32 42 33 58 12 14 23 11 26 19 10 48 31 63 21 79 78
4 41 22 34 3 17 15 4 27 8 6 80 36 1 24 42 32 33 58 12 23 11 14 26 19 48 10 31 63 79 21 78
5 41 22 3 34 17 15 4 6 27 8 80 36 24 1 42 33 32 12 23 58 11 26 14 19 48 10 63 31 79 21 78
6 41 3 34 22 17 15 4 6 27 8 80 36 1 24 42 33 32 12 23 11 58 26 48 14 19 63 10 31 79 21 78
7 41 3 34 22 17 15 4 6 27 80 8 36 1 24 42 33 23 32 12 11 58 26 48 19 14 63 10 31 79 21 78
8 41 34 3 22 17 15 4 6 27 36 8 80 1 24 42 33 23 12 32 11 58 26 14 48 19 79 10 31 63 78
9 41 34 3 22 17 15 4 6 27 36 8 80 1 24 42 23 12 33 32 11 58 48 14 19 10 79 26 31 63 78
10 41 34 3 22 17 15 4 6 27 36 8 80 1 24 42 23 12 32 33 58 48 19 79 14 26 10 63 31 11 78
11 41 34 3 17 22 15 4 6 27 36 8 80 1 24 23 42 12 32 33 58 48 19 79 14 63 26 10 31 78
12 41 34 3 17 22 15 6 4 27 36 8 80 1 24 23 42 32 12 33 58 79 48 19 63 14 26 31 10 78
13 41 34 3 17 22 15 4 6 36 27 8 80 1 24 23 42 12 32 33 58 79 48 19 63 26 14 31 10 78
14 41 34 3 17 22 15 4 6 36 27 8 1 80 24 23 42 12 32 33 58 79 48 63 19 26 14 31 10 78
15 41 34 3 17 22 15 4 6 36 8 27 1 80 23 24 42 12 32 33 58 79 48 19 63 26 14 31 10 78
16 41 34 3 17 22 15 4 36 8 6 27 1 80 23 24 42 12 32 58 33 79 48 19 63 26 14 31 10 78
17 41 3 34 17 22 15 4 36 8 27 6 80 1 23 24 42 12 32 58 33 79 48 63 19 26 14 31 10 78
18 41 3 34 17 22 15 4 36 8 27 6 80 23 1 24 42 12 32 58 33 79 63 48 19 26 14 31 10 78
19 41 34 17 3 22 15 36 4 8 27 6 80 23 1 24 42 12 32 58 33 79 63 48 19 26 14 31 10 78
20 41 34 17 3 22 15 36 8 4 27 6 80 23 24 1 42 12 32 58 33 79 63 19 48 26 14 31 10 78
21 41 17 34 3 22 15 36 8 4 27 6 80 23 24 1 42 12 32 33 58 79 63 26 48 19 14 31 10 78
22 41 17 34 3 22 15 36 8 4 27 6 23 80 1 24 42 12 32 58 33 79 63 48 26 19 14 31 10 78
23 41 34 3 17 22 15 36 4 8 27 23 1 6 80 24 42 12 32 79 58 33 63 48 26 19 14 31 10 78
24 3 34 17 41 22 15 36 4 8 27 23 1 80 24 6 42 12 32 79 58 33 63 26 48 19 14 31 10 78
L
a
p
s
Lapped riderWinner
Welkom, Sunday, April 27, 2003
These data/results can not be reproduced, stored and/or transmitted in whole or in part by any manner of electronic, mechanical, photocopying, recording, broadcasting or otherwise now known or herein
after developed without the previous express consent by the copyright owner, except for reproduction in daily press and regular printed publications on sale to the public within 60 days of the event related to
those data/results and always provided that copyright symbol appears together as follows below.
© DORNA, 2003
Official information of MotoGP
www.motograndprix.com
