Iveco AUSTRALIAN GRAND PRIX
Computerised results and timing service provided by
4448 m.
Phillip Island
125cc
Race
Lap Chart 19
TISSOT
Pos
Grid 44
1
18
2
60
3
24
4
38
5
93
6
11
7
29
8
6
9
12
10
7
11
17
12
8
13
73
14
71
15
33
16
77
17
16
18
14
19
88
20
99
21
35
22
94
23
45
24
39
25
53
26
21
27
19
28
10
29
97
30
96
31
87
32
98
33
54
34
30
35
1 44 18 38 24 93 29 7 60 12 17 33 8 73 6 77 99 11 35 71 94 45 14 39 88 53 21 97 10 54 96 87 98 16
2 44 18 24 38 29 7 60 17 93 12 33 8 73 11 99 6 35 71 94 77 14 45 39 88 53 21 97 10 54 87 98 16 96
3 24 44 38 29 18 60 7 12 93 33 8 11 73 99 35 94 45 14 77 71 39 88 53 21 97 10 87 54 98 96
4 44 24 29 38 7 60 18 12 33 93 8 11 99 73 35 45 94 14 77 88 39 71 53 21 97 10 87 54 98 96
5 44 24 29 38 7 60 18 33 93 12 11 8 99 73 35 45 94 14 77 71 88 39 53 21 97 10 87 54 98 96
6 44 24 38 29 60 7 18 11 93 12 8 33 35 99 45 73 94 14 77 71 88 39 53 21 97 10 87 54 98 96
7 44 24 29 7 38 18 60 11 93 12 33 8 35 45 94 73 14 99 77 88 39 71 53 21 97 10 87 54 98 96
8 44 24 38 7 29 60 18 11 93 12 33 8 35 94 73 45 99 14 77 88 39 71 53 21 97 10 87 54 98
9 24 44 38 7 18 29 60 11 12 93 33 8 35 94 45 99 73 14 77 88 39 71 53 21 97 87 10 54 98
10 38 24 44 7 60 18 29 11 93 33 12 8 94 35 45 99 73 14 77 88 39 71 53 21 97 87 10 54 98
11 38 24 7 44 60 29 18 11 93 33 12 35 8 94 45 99 73 14 77 88 39 71 53 21 97 87 10 54 98
12 38 24 7 60 44 18 29 11 33 12 93 94 45 35 8 14 99 73 77 88 39 71 53 21 97 87 10 54 98
13 38 60 24 7 44 29 18 11 33 12 93 94 35 8 14 99 45 77 73 88 39 71 53 21 97 87 10 54 98
14 60 38 7 24 44 29 18 11 33 93 12 35 94 8 99 77 14 73 45 88 39 71 53 21 97 10 87 54 98
15 60 38 24 44 7 29 18 11 33 93 12 99 35 94 8 77 14 73 45 88 39 71 53 21 97 10 87 54 98
16 60 38 44 24 7 11 18 29 33 93 12 99 35 94 8 77 14 73 45 88 39 71 53 21 97 10 87 54 98
17 38 60 44 24 7 11 18 29 33 93 12 94 99 35 14 77 8 73 45 88 39 71 53 21 97 10 87 54 98
18 38 60 24 7 11 44 18 29 93 12 33 35 94 99 77 14 8 73 45 88 39 71 53 21 97 10 87 54 98
19 38 60 24 11 7 44 18 29 93 12 33 35 94 99 77 14 45 8 73 39 88 71 53 21 97 10 87 54 98
20 38 60 11 24 44 7 18 29 93 33 12 99 45 14 35 77 94 8 73 39 88 71 53 21 97 10 87 54 98
21 38 60 11 44 24 7 18 29 93 33 12 45 99 14 35 77 94 8 73 39 88 71 53 21 97 10 87 54 98
22 38 60 44 11 24 7 18 29 93 33 45 99 77 94 35 14 8 73 39 88 71 53 21 97 10 87 54 98
23 60 38 11 44 24 18 7 29 93 33 45 77 99 94 35 14 8 73 39 88 71 53 21
L
a
p
s
Lapped riderWinner
Phillip Island, Sunday, October 18, 2009
These data/results cannot be reproduced, stored and/or transmitted in whole or in part by any manner of electronic, mechanical, photocopying, recording, broadcasting or otherwise now
known or herein after developed without the previous express consent by the copyright owner, except for reproduction in daily press and regular printed publications on sale to the public
within 60 days of the event related to those data/results and always provided that copyright symbol appears together as follows below.
© DORNA, 2009
Official MotoGP Timing by
www.motogp.com
TISSOT
