           Motegi                  Computerised results and timing service provided by TISSOT
                                                                                                                                                                      Moto2
                                  AIRASIA GRAND PRIX OF JAPAN
                                  Race
          4801 m.                 Lap Chart                                                                                                                                           19
Pos        1 2 3 4 5 6 7 8 9 10 11 12 13 14 15 16 17 18 19 20 21 22 23 24 25 26 27 28 29 30 31 32
Grid      40 93 80 45 12 5 38 60 18 24 30 3 49 72 36 81 15 29 77 95 88 19 63 23 14 22 75 8 31 20 82 57


     1    45 40 80 38 24 12 36 30 93                  5    3 49 77 60 72 18 29 95 15 63 19 81 75 23                          8 22 31 88 14 57 82 20
     2    80 45 24 40 12 36 93               5 30 38       3 77 49 60 72 18 29 95 63 15 81 19 75                        8 23 88 31 22 14 57 82 20
     3    80 45 24 40 12 93 30               5 36 38       3 77 49 60 72 18 95 29 63 81 15 19                      8 75 23 88 31 14 22 57 82 20
     4    80 45 40 24 93 12 30 36                5    3 77 60 49 95 72 18 63 81 29 15 19                      8 75 23 88 14 31 22 57 82 20
     5    80 40 24 45 93 12 30 36                5    3 77 60 49 95 18 63 29 81 15 19                     8 72 75 23 88 14 22 57 82 20 31
     6    80 40 93 24 45 12 30 36                3    5 77 60 49 95 18 63 29 81 15 19 72                      8 75 23 88 14 22 82 57 20 31
     7    80 93 40 45 24 12 30 36                3    5 77 60 49 95 18 63 81 29 15 19 72                      8 75 23 88 14 22 82 57 20
     8    80 93 40 45 24 12 30 36                3    5 77 60 49 95 18 81 63 29 15 19 72                      8 75 23 88 14 22 82 57 20
     9    80 93 40 45 24 12 30 36                3    5 77 60 49 95 18 81 63 29 19 15 72                      8 75 23 88 14 22 82 57 20
    10    93 80 40 45 24 12 30               3 36     5 77 60 49 95 18 81 63 29 19 72 15                      8 75 23 88 14 22 82 57 20

L   11    93 80 40 45 24 12 30               3 36 77 60 49 95 18              5 81 63 29 19 72 15             8 75 23 88 14 22 82 57 20
a   12    93 80 40 45 24 12             3 30 60 77 49 95            5 18 81 63 29 19 72 36 15 75                   8 23 88 14 22 82 57 20
p         93 40 80 45 24 12             3 30 60 77 49 95            5 18 81 29 63 19 72 36 15                 8 23 75 14 88 22 82 57 20
s
    13
    14    93 40 80 45 24 12             3 30 60 77 49 95            5 18 81 29 63 19 72 36 15                 8 23 75 14 88 22 82 57 20
    15    93 40 80 45 24 12             3 30 60 77 49 95            5 81 29 63 19 72 36 15 18                 8 14 23 75 88 22 82 57 20
    16    93 40 80 45 24 12             3 30 77 60 49 95            5 81 63 29 19 72 36 15 18                 8 14 23 75 88 22 82 57 20
    17    93 40 80 45 24 12             3 30 77 49 60 95            5 81 63 19 29 72 36 15 18 14                   8 23 88 75 22 82 57 20
    18    93 40 80 45 24 12             3 30 77 49 60 95            5 81 19 63 72 29 36 15 18 14                   8 23 75 88 22 82 57 20
    19    93 40 80 45 24 12             3 30 77 49 60 95            5 81 19 63 72 29 36 15 18 14                   8 75 23 88 22 82 57 20
    20    93 40 80 45 12           3 30 49 77 60           5 95 81 19 63 72 29 36 15 18 14 75 23                        8 88 22 82 57 20
    21    93 40 80 45 12           3 30 49       5 77 95 60 81 19 63 72 29 36 15 18 14 75 23                            8 88 22 82 57 20
    22    93 40 80 45 12           3 30      5 49 77 60 95 81 19 63 72 29 36 18 15 14 75 23 88                               8 22 82 57 20
    23    93 40 80 45 12           3 30      5 49 77 60 95 81 19 63 72 36 29 18 15 14 88 75 23                               8 22 82 57




          Winner                   Lapped rider
These data/results cannot be reproduced, stored and/or transmitted in whole or in part by any manner of electronic, mechanical, photocopying, recording, broadcasting or otherwise now
known or herein after developed without the previous express consent by the copyright owner, except for reproduction in daily press and regular printed publications on sale to the public
within 60 days of the event related to those data/results and always provided that copyright symbol appears together as follows below.
© DORNA, 2012

Official MotoGP Timing byTISSOT
www.motogp.com

Motegi, Sunday, October 14, 2012
