bwin GRAND PRIX CESKE REPUBLIKY
Computerised results and timing service provided by
5403 m.
Automotodrom Brno
Moto3
Race
Lap Chart 19
TISSOT
Pos
Grid 25
1
11
2
63
3
27
4
39
5
55
6
84
7
42
8
52
9
94
10
7
11
19
12
5
13
23
14
26
15
96
16
10
17
12
18
17
19
61
20
44
21
9
22
41
23
6
24
71
25
43
26
53
27
3
28
95
29
51
30
80
31
30
32
32
33
89
34
20
35
1 7 63 94 17 84 95 25 11 39 42 44 52 55 96 12 53 26 6 23 19 43 9 71 10 30 41 61 5 27 51 80 3
2 7 94 63 17 84 95 25 11 39 44 42 55 52 53 12 26 6 71 43 19 23 96 10 9 41 30 5 61 80 27 51 3
3 7 94 84 63 95 17 11 25 39 44 42 55 52 71 53 26 6 19 12 23 43 10 96 5 41 61 30 80 9 27 51 3
4 94 7 95 84 17 63 11 25 39 44 42 55 6 71 19 26 52 10 12 23 53 43 5 96 41 61 30 80 9 27 51 3
5 94 7 84 95 17 63 11 42 44 39 25 6 55 19 71 10 26 52 23 43 12 5 41 61 30 53 96 80 9 27 51 3
6 94 7 84 95 63 17 11 42 44 39 6 25 19 55 10 52 26 71 23 5 43 41 61 12 30 96 53 27 9 80 51 3
7 94 84 7 95 63 17 11 42 39 44 25 6 55 10 52 19 26 5 23 43 61 71 41 30 12 96 53 27 9 51 80 3
8 94 84 95 63 7 17 11 42 39 44 25 6 52 10 19 26 55 5 23 61 41 43 12 30 71 96 53 27 51 80 9 3
9 94 84 95 63 17 42 11 25 39 44 7 52 6 19 10 26 5 55 23 61 41 43 12 30 96 71 53 27 51 80 3 9
10 94 84 63 95 11 42 39 25 44 17 52 19 6 5 26 10 55 61 23 7 41 12 43 30 96 53 27 51 80 3 71 9
11 94 84 63 11 42 39 25 95 44 52 17 19 5 26 6 61 55 23 10 12 43 41 96 7 30 27 53 51 3 80 71
12 94 84 11 42 63 25 39 44 52 95 5 17 19 26 61 55 6 23 10 12 43 41 96 30 7 27 53 51 3 80
13 94 84 11 42 25 63 39 44 52 5 19 17 95 26 61 55 6 23 10 43 12 41 96 30 7 27 53 51 3 80
14 94 84 11 25 63 42 39 52 44 5 19 61 17 26 55 95 23 6 10 96 43 12 41 30 27 7 53 51 3 80
15 94 84 11 25 42 39 52 44 5 19 26 17 55 61 23 10 6 96 43 12 41 30 27 7 53 51 3 80
16 94 84 11 25 39 42 52 44 5 19 55 26 17 23 61 10 6 96 43 12 41 30 27 53 7 51 3 80
17 94 84 11 25 39 42 52 44 5 19 55 26 23 61 17 10 96 6 43 12 30 41 27 53 7 51 3 80
18 94 11 84 25 39 42 52 44 5 19 55 23 26 61 17 10 96 6 43 12 41 30 27 53 7 51 3 80
19 94 39 11 25 42 84 52 5 44 19 55 23 26 61 17 10 96 6 43 41 12 30 27 53 7 51 3
L
a
p
s
Lapped riderWinner
Brno, Sunday, August 26, 2012
These data/results cannot be reproduced, stored and/or transmitted in whole or in part by any manner of electronic, mechanical, photocopying, recording, broadcasting or otherwise now
known or herein after developed without the previous express consent by the copyright owner, except for reproduction in daily press and regular printed publications on sale to the public
within 60 days of the event related to those data/results and always provided that copyright symbol appears together as follows below.
© DORNA, 2012
Official MotoGP Timing by
www.motogp.com
TISSOT
