betandwin.com GRANDE PREMIO PORTUGAL
Computerised results and timing service
4182 m.
Estoril
250cc
Race
Lap Chart 22
Pos
Grid 7
1
19
2
1
3
34
4
80
5
5
6
73
7
48
8
15
9
24
10
55
11
27
12
50
13
96
14
57
15
6
16
32
17
25
18
64
19
41
20
28
21
9
22
38
23
8
24
12
25
36
26
42
27
21
28
16
29
20
30
17
31
1 19 34 7 5 1 73 55 27 50 6 15 80 32 24 57 96 36 48 25 8 28 64 41 38 21 42 12
2 19 1 7 34 5 27 55 73 50 6 15 80 32 96 24 57 36 25 8 28 64 48 41 38 21 12 42
3 19 1 34 5 27 7 55 50 73 15 6 80 32 96 24 57 36 8 25 64 48 28 41 38 12 42 21
4 19 1 34 5 27 7 55 73 50 15 6 80 32 96 36 24 57 8 64 48 28 25 38 41 12 42 21
5 19 1 34 5 27 7 55 73 50 15 6 80 32 96 36 57 8 48 24 64 28 25 38 41 12 42
6 19 1 34 27 5 7 55 73 50 15 6 80 32 96 57 36 8 48 24 64 28 25 38 41 12 42
7 19 27 1 34 5 7 55 73 50 15 6 80 32 96 57 48 36 8 24 28 64 25 38 41 12 42
8 19 27 1 34 5 7 55 73 50 15 6 80 32 96 48 57 36 8 24 64 28 25 38 12 42
9 19 1 34 27 5 7 55 73 50 6 80 96 32 48 57 36 8 24 28 64 38 25 12 42
10 19 1 34 27 5 7 73 55 50 6 80 96 32 48 57 36 8 24 28 64 38 12 42
11 19 1 34 27 5 7 73 50 55 6 80 96 32 48 57 36 8 24 28 64 12 42
12 1 34 19 27 5 7 50 73 55 6 80 96 32 48 57 36 8 24 28 64 12 42
13 1 34 27 7 19 5 50 73 55 80 6 96 32 48 57 36 8 24 28 64 12 42
14 1 34 27 7 5 19 50 73 55 80 96 6 32 48 57 36 8 24 28 64 12 42
15 34 1 27 7 5 19 73 50 55 80 96 6 32 48 57 36 24 8 28 64 12 42
16 1 34 27 7 5 19 73 55 50 80 96 6 32 48 57 36 24 8 28 64 12 42
17 1 34 27 7 5 19 73 55 50 80 96 6 32 48 57 36 24 28 8 64 12 42
18 1 7 34 27 5 19 73 50 55 80 96 6 48 32 57 36 24 28 8 64 12 42
19 7 34 5 1 27 19 50 55 73 80 96 48 6 32 57 36 28 24 8 64 12 42
20 7 34 5 27 1 19 55 73 50 80 48 96 6 32 36 28 24 8 64 12 42
21 7 34 5 27 1 19 55 73 50 48 80 96 6 32 36 28 24 8 64 12 42
22 7 34 27 5 1 55 73 19 50 48 80 96 6 32 36 24 28 8 64 12 42
23 27 34 7 5 1 73 55 19 50 48 80 96 6 32 36 28 24 8 64 12 42
24 27 34 7 5 1 73 55 19 50 48 80 96 6 32 36 28 24 8 64 12 42
25 27 7 34 5 1 73 55 50 19 48 80 96 6 32 36 28 24 8 64 12
26 27 34 7 1 5 73 55 50 19 48 80 96 6 32 36 28 24 8 64
L
a
p
s
Lapped riderWinner
Estoril, Sunday, April 17, 2005
These data/results cannot be reproduced, stored and/or transmitted in whole or in part by any manner of electronic, mechanical, photocopying, recording, broadcasting or otherwise now known or
herein after developed without the previous express consent by the copyright owner, except for reproduction in daily press and regular printed publications on sale to the public within 60 days of the event
related to those data/results and always provided that copyright symbol appears together as follows below.
© DORNA, 2005
Official information of MotoGP
www.motogp.com
