Lap Chart
GRAN PREMIO CINZANO D'ITALIA
Computerised results and timing service
5245m
Mugello
250cc
22
Pos
Grid 34
1
56
2
19
3
6
4
13
5
4
6
26
7
74
8
21
9
77
10
30
11
66
12
8
13
24
14
11
15
37
16
15
17
18
18
16
19
41
20
23
21
10
22
14
23
54
24
9
25
31
26
42
27
22
28
25
29
1 19 56 34 6 13 4 74 21 26 77 24 8 10 37 54 14 15 9 18 11 42 23 31 30
2 34 6 19 56 4 13 74 21 26 24 77 8 10 37 54 14 9 11 18 23 42 15 31 30
3 34 19 56 13 4 74 21 26 24 77 8 37 10 14 54 11 18 9 23 15 42 31 30
4 19 34 56 13 4 74 21 26 8 37 10 14 54 11 18 9 23 15 42 30
5 19 34 56 13 4 74 21 8 37 10 14 11 54 18 23 9 15 42 30
6 19 34 56 13 4 74 21 37 8 10 14 11 18 23 54 9 15 42 30
7 19 34 56 4 74 13 21 37 8 10 14 11 18 23 54 9 15 42 30
8 19 34 56 4 13 74 21 37 8 10 14 11 18 23 9 15 42 30
9 19 34 56 13 4 74 21 37 8 10 14 11 18 23 15 9 42 30
10 19 34 56 4 74 13 21 37 10 8 14 11 18 23 15 9 42 30
11 19 34 56 4 13 74 21 37 8 10 14 11 18 23 15 9 42 30
12 19 56 4 13 74 21 37 8 10 14 11 18 23 15 42 30
13 19 56 4 13 74 21 37 8 14 10 11 18 23 15 42 30
14 19 56 4 13 74 21 14 37 8 10 11 18 23 15 42 30
15 19 56 4 74 13 21 14 8 37 10 11 23 18 15 42 30
16 56 19 4 74 13 21 14 8 37 11 10 18 23 15 42 30
17 56 19 74 4 13 21 14 8 37 11 10 15 18 23 42 30
18 56 19 74 13 4 21 14 8 37 10 11 18 23 42 15 30
19 56 19 74 4 13 21 14 8 37 10 11 18 23 42 15
20 56 19 4 74 13 21 14 8 10 37 11 18 23 42 15
21 56 19 74 13 21 4 14 8 10 11 18 23 42
L
a
p
s
Lapped riderWinner
Mugello, Sunday, May 28, 2000
MotoGP MotoGP MotoGP MotoGP MotoGP MotoGP MotoGP MotoGP MotoGP MotoGP MotoGP MotoGP MotoGP MotoGP MotoGP MotoGP MotoGP MotoGP MotoGP MotoGP MotoGP MotoGP MotoGP MotoGP MotoGP MotoGP MotoGP MotoGP MotoGP MotoGP MotoGP MotoGP MotoGP MotoGP MotoGP MotoGP MotoGP MotoGP MotoGP Moto
Official information of MotoGP
