Lap Chart
GRAN PREMIO CINZANO D'ITALIA
Computerised results and timing service
5245m
Mugello
125cc
22
Pos
Grid 4
1
16
2
8
3
41
4
23
5
5
6
21
7
9
8
54
9
17
10
1
11
3
12
32
13
22
14
12
15
11
16
53
17
51
18
26
19
15
20
19
21
35
22
18
23
29
24
39
25
67
26
24
27
10
28
66
29
1 4 16 23 32 3 21 9 5 12 54 41 8 1 22 17 15 26 19 11 18 35 53 51 24 29 39 10 67 66
2 4 3 23 32 9 16 21 12 54 5 8 1 22 17 15 19 11 18 35 53 26 51 29 39 24 10 67 66 41
3 4 9 32 3 16 23 21 12 5 1 22 8 17 15 19 26 35 18 11 53 29 51 39 54 24 10 67 66 41
4 4 32 9 3 16 23 21 12 5 1 8 22 17 15 26 19 18 35 29 53 11 51 39 54 24 10 67 66 41
5 4 3 32 9 16 23 12 21 1 5 8 22 17 15 19 26 18 35 29 53 51 39 11 54 24 10 66 67
6 4 32 9 16 23 3 12 21 1 5 22 8 17 15 29 19 18 53 39 54 35 26 51 11 24 10 67 66
7 4 32 23 3 9 16 12 21 1 5 17 8 22 15 54 29 53 19 26 18 39 51 35 11 24 10 67 66
8 4 23 32 9 3 16 12 21 1 5 8 17 22 15 54 29 53 26 19 39 51 18 35 11 24 10 67 66
9 4 9 23 3 12 32 16 21 1 5 8 17 22 15 54 26 19 29 53 39 51 18 35 11 24 10 66
10 4 9 3 32 12 23 21 1 5 8 17 22 15 54 26 53 19 18 29 39 35 51 11 24 10 66
11 4 3 9 32 12 23 21 8 1 17 5 22 54 15 26 19 18 53 39 29 35 51 11 24 10 66
12 4 32 3 9 12 23 21 8 1 17 5 22 54 15 26 53 39 19 29 51 35 18 11 24 10 66
13 4 3 32 12 23 21 9 1 8 17 5 22 54 15 39 26 53 19 29 35 51 18 11 24 10 66
14 4 3 32 23 21 9 12 8 17 1 5 54 22 15 39 26 18 35 19 29 53 11 51 24 10 66
15 4 9 23 21 32 3 8 17 12 1 5 54 22 15 26 18 29 35 19 39 11 51 53 24 10 66
16 4 9 23 21 3 32 8 12 1 17 5 54 22 15 26 39 18 11 29 35 53 51 19 24 10 66
17 4 23 9 32 3 21 8 1 12 5 17 54 22 15 26 39 18 29 35 53 19 11 51 24 10 66
18 4 3 32 9 23 21 8 1 54 12 17 5 22 15 26 53 18 29 39 19 35 11 51 24 10 66
19 4 3 9 32 23 1 54 17 21 5 8 12 22 15 26 29 53 18 39 35 19 11 51 24 10 66
20 4 32 3 17 23 5 1 21 12 8 22 15 26 39 18 29 19 53 35 11 51 24 10
L
a
p
s
Lapped riderWinner
Mugello, Sunday, May 28, 2000
MotoGP MotoGP MotoGP MotoGP MotoGP MotoGP MotoGP MotoGP MotoGP MotoGP MotoGP MotoGP MotoGP MotoGP MotoGP MotoGP MotoGP MotoGP MotoGP MotoGP MotoGP MotoGP MotoGP MotoGP MotoGP MotoGP MotoGP MotoGP MotoGP MotoGP MotoGP MotoGP MotoGP MotoGP MotoGP MotoGP MotoGP MotoGP MotoGP Moto
Official information of MotoGP
