Lap Chart
GRAN PREMIO CINZANO D'ITALIA
Computerised results and timing service
5245m
Mugello
500cc
22
Pos
Grid 10
1
4
2
46
3
65
4
7
5
2
6
8
7
9
8
55
9
31
10
99
11
1
12
24
13
6
14
5
15
25
16
17
17
11
18
15
19
18
20
43
21
23
22
1 46 2 65 6 9 7 4 31 10 1 99 8 5 55 24 25 17 11 15 23 18 43
2 65 46 2 6 7 4 9 10 31 1 99 8 24 55 5 17 25 15 23 18 11
3 65 46 2 6 7 4 9 10 31 1 99 8 24 55 5 17 25 15 18 23
4 65 46 2 7 4 6 10 31 9 99 1 8 55 24 5 17 25 15 18 23
5 65 46 2 7 4 10 6 31 99 9 1 8 55 24 5 17 25 15 18 23
6 65 2 46 7 4 10 31 6 99 9 1 8 55 24 5 17 25 18 15
7 65 2 46 7 4 10 31 6 99 1 9 8 55 24 5 17 25 18 15
8 65 46 7 2 4 10 31 6 1 99 9 8 55 24 5 17 25 18 15
9 65 46 4 2 7 10 31 99 6 9 8 55 24 5 17 25 18 15
10 65 46 4 7 10 2 31 99 9 6 8 55 24 5 17 25 18 15
11 65 46 4 7 10 2 31 99 9 6 8 55 24 5 17 25 18 15
12 65 46 4 7 10 2 99 9 31 6 8 55 24 5 17 25 18 15
13 65 46 4 7 10 2 99 9 6 31 24 8 55 5 17 25 18 15
14 65 46 4 7 10 99 2 9 6 24 31 8 55 5 17 25 18 15
15 65 46 4 7 10 99 9 2 24 6 55 8 31 5 17 25 18 15
16 65 46 4 10 7 99 9 24 2 6 55 8 31 5 17 25 18 15
17 46 65 4 10 7 99 9 24 2 6 8 55 31 5 17 25 18 15
18 46 65 4 7 99 24 9 2 6 8 55 31 5 17 25 18 15
19 46 65 4 7 99 9 2 6 8 55 31 5 17 25 18 15
20 65 46 4 7 99 9 2 6 8 55 31 5 17 25 18 15
21 65 46 4 7 99 9 6 2 8 55 31 5 17 25 18 15
22 65 4 7 99 9 6 2 8 55 5 17 46 25 18 15
23 65 7 99 9 6 2 55 8 4 5 17 46 25
L
a
p
s
Lapped riderWinner
Mugello, Sunday, May 28, 2000
MotoGP MotoGP MotoGP MotoGP MotoGP MotoGP MotoGP MotoGP MotoGP MotoGP MotoGP MotoGP MotoGP MotoGP MotoGP MotoGP MotoGP MotoGP MotoGP MotoGP MotoGP MotoGP MotoGP MotoGP MotoGP MotoGP MotoGP MotoGP MotoGP MotoGP MotoGP MotoGP MotoGP MotoGP MotoGP MotoGP MotoGP MotoGP MotoGP Moto
Official information of MotoGP
