A-STYLE TT ASSEN
Computerised results and timing service provided by TISSOT
4555 m.
Assen
250cc
Race
Lap Chart 22
Pos
Grid 48
1
7
2
34
3
73
4
55
5
58
6
50
7
15
8
6
9
4
10
14
11
36
12
8
13
96
14
25
15
9
16
54
17
42
18
16
19
24
20
37
21
23
22
22
23
17
24
70
25
68
26
71
27
69
28
21
29
72
30
85
31
1 48 7 34 15 14 6 42 23 9 37 25 54 58 55 22 70 71 17 69 24 68 4 73 96
2 48 7 34 15 6 14 42 23 9 58 54 55 25 37 22 70 17 24 4 71 69 68 73
3 48 7 34 15 6 14 58 42 23 9 55 54 25 37 4 22 17 70 24 73 71 69 68
4 48 7 34 15 6 14 58 55 42 23 9 54 25 37 4 22 17 24 73 70 71 69 68
5 48 7 34 15 6 14 58 55 42 23 54 25 9 37 4 22 17 70 73 24 71 69 68
6 48 7 34 15 6 14 58 55 42 54 25 23 9 4 37 22 73 17 24 70 69 68 71
7 48 7 34 15 6 14 58 55 54 25 42 23 4 9 37 73 22 24 17 70 69 68 71
8 48 7 34 15 6 14 58 55 54 25 4 42 23 9 37 73 22 24 17 70 69 68 71
9 48 7 34 15 6 14 58 55 25 4 54 42 23 9 37 73 22 24 17 70 69 68 71
10 48 7 34 15 6 14 58 55 4 54 25 42 23 9 37 73 22 24 17 70 69 68 71
11 48 7 34 15 6 14 55 58 4 54 25 42 23 9 73 37 24 22 17 70 69 68 71
12 48 7 34 15 6 14 55 58 4 54 25 42 23 9 73 37 24 22 17 70 69 68 71
13 48 7 34 15 6 14 55 58 4 54 25 23 42 9 73 37 24 22 17 70 68 69 71
14 48 7 34 15 6 14 55 58 4 54 25 73 23 42 9 37 24 22 17 70 68 69 71
15 48 7 34 6 15 14 55 58 4 54 25 73 42 9 23 37 24 22 17 70 68 69 71
16 48 7 34 6 15 58 55 14 4 54 25 73 9 42 23 37 24 22 17 70 68 69 71
17 48 7 34 6 15 58 55 14 4 54 25 73 9 42 23 37 24 22 17 70 68 69 71
18 48 7 34 6 15 58 55 14 4 54 25 73 9 42 23 37 24 22 17 70 69 68 71
19 48 7 34 6 15 58 55 14 4 54 25 73 9 42 23 37 24 22 17 70 68 69 71
20 48 7 34 6 15 58 55 14 4 54 25 73 9 42 23 37 24 22 17 70 68 69 71
21 48 7 34 6 15 58 55 14 4 54 25 73 9 42 23 37 24 17 22 70 68 69 71
22 48 7 34 6 15 58 55 14 4 54 25 73 9 42 23 37 24 22 17 70 68 69 71
23 48 7 34 6 15 58 55 14 4 54 25 73 9 42 23 37 24 22 17 70 68 69 71
24 48 7 34 6 15 55 58 14 4 54 25 73 9 23 42 37 24
L
a
p
s
Lapped riderWinner
Assen, Saturday, June 24, 2006
These data/results cannot be reproduced, stored and/or transmitted in whole or in part by any manner of electronic, mechanical, photocopying, recording, broadcasting or otherwise now known or
herein after developed without the previous express consent by the copyright owner, except for reproduction in daily press and regular printed publications on sale to the public within 60 days of the event
related to those data/results and always provided that copyright symbol appears together as follows below.
© DORNA, 2006
Official MotoGP Timing by TISSOT
www.motogp.com
