GRAND PRIX OF JAPAN
Computerised results and timing service
4801 m.
Motegi
250cc
Race
Lap Chart 22
Pos
Grid 73
1
48
2
75
3
5
4
34
5
55
6
1
7
7
8
27
9
19
10
50
11
44
12
80
13
14
14
17
15
6
16
15
17
78
18
96
19
28
20
32
21
64
22
57
23
24
24
79
25
8
26
25
27
93
28
36
29
77
30
21
31
56
32
23
33
20
34
22
35
1 48 73 5 1 34 27 55 75 80 7 19 50 44 6 24 14 57 17 25 8 64 32 77 93 79 36 56 28
2 48 5 73 1 27 34 55 80 75 7 19 50 6 44 24 14 57 17 25 32 8 64 93 79 36 77 56 28
3 48 5 73 1 34 27 55 80 7 19 50 6 44 24 57 17 32 25 8 64 93 79 36 77 56 28
4 48 73 5 34 1 27 55 7 80 19 50 6 24 44 57 17 32 25 64 8 93 79 77 36 56 28
5 73 5 48 34 27 1 55 7 80 19 50 6 24 44 57 17 32 64 8 25 93 79 77 36 56 28
6 73 5 34 48 27 1 55 7 80 19 50 6 24 44 17 32 64 8 25 93 79 36 77 56 28
7 73 34 5 48 27 1 55 7 80 19 50 6 24 44 17 32 64 8 25 93 79 36 77 56 28
8 73 34 48 5 27 1 55 7 19 80 50 6 24 44 17 32 64 8 25 93 79 36 77 56 28
9 73 34 48 5 27 1 55 7 19 80 6 50 24 44 17 32 64 8 25 93 36 77 79 56 28
10 73 5 34 48 27 1 55 7 19 80 6 50 24 44 17 32 25 64 8 93 36 79 77 56 28
11 73 5 34 48 27 55 1 7 80 6 50 24 44 17 32 25 64 93 36 79 77 56 28
12 73 5 34 27 48 55 1 7 80 6 50 24 44 17 32 25 64 93 36 79 77 56 28
13 73 5 34 27 48 1 55 7 80 6 50 24 44 17 32 25 64 93 36 79 77 56 28
14 73 5 34 27 1 48 55 7 80 6 50 24 44 17 32 25 64 93 36 79 77 56 28
15 73 5 34 27 1 48 7 55 80 6 50 24 44 17 32 25 64 93 36 77 28 79 56
16 73 5 34 27 1 48 7 55 80 6 50 24 44 17 32 25 64 93 36 28 79 77 56
17 73 5 34 27 1 48 7 55 80 6 50 24 44 17 32 25 64 93 36 28 79 77 56
18 73 5 34 27 1 48 7 55 80 6 50 24 44 17 32 25 64 93 36 28 77 79 56
19 73 5 34 1 27 48 7 55 80 6 50 24 44 17 32 25 64 93 36 28 77 79 56
20 73 5 1 34 27 48 55 7 80 6 50 24 44 17 32 25 64 93 36 28 77 79 56
21 73 5 1 48 27 34 55 7 80 6 50 24 17 32 44 25 64 93 28 36 77 79 56
22 73 5 1 48 27 55 34 7 80 6 50 24 17 32 25 64 93 28 36 79 77 56
23 73 1 27 55 7 34 5 80 6 50 24 17 32 25 64 93 36 28 77 79 56
L
a
p
s
Lapped riderWinner
Motegi, Sunday, September 18, 2005
These data/results cannot be reproduced, stored and/or transmitted in whole or in part by any manner of electronic, mechanical, photocopying, recording, broadcasting or otherwise now known or
herein after developed without the previous express consent by the copyright owner, except for reproduction in daily press and regular printed publications on sale to the public within 60 days of the event
related to those data/results and always provided that copyright symbol appears together as follows below.
© DORNA, 2005
Official information of MotoGP
www.motogp.com
