GRAN PREMIO betandwin.com DE ESPAÑA
Computerised results and timing service
4423 m.
Jerez
250cc
Race
Lap Chart 22
Pos
Grid 48
1
55
2
80
3
73
4
7
5
14
6
4
7
58
8
25
9
15
10
34
11
28
12
96
13
23
14
6
15
57
16
36
17
54
18
50
19
21
20
16
21
19
22
24
23
44
24
31
25
41
26
22
27
85
28
66
29
40
30
1 48 55 34 73 80 7 4 58 14 15 36 25 28 21 19 50 16 23 96 57 54 22 41 85 31 66 24
2 48 55 34 80 7 58 4 14 15 25 36 28 21 50 23 16 19 96 54 57 41 85 31 66 24
3 48 55 34 80 7 58 4 14 15 25 36 28 21 50 23 96 19 54 57 41 31 85 66 24
4 48 80 55 7 34 58 4 15 14 25 36 28 50 21 96 23 54 19 57 41 31 85 66 24
5 48 80 7 55 34 58 4 15 14 36 28 50 21 96 23 54 19 57 41 31 85 66 24
6 48 80 7 34 55 58 4 15 14 36 28 50 96 21 23 54 19 57 31 41 85 66 24
7 80 7 48 34 55 15 58 14 4 36 28 96 50 21 23 54 19 57 31 41 85 66 24
8 48 7 80 34 55 14 15 4 58 36 28 96 50 21 23 54 57 31 41 85 66 24
9 48 7 80 34 55 14 4 58 15 36 28 50 96 21 54 23 57 31 41 85 66 24
10 48 7 80 34 55 14 4 58 15 36 28 50 96 21 54 23 57 31 41 85 66 24
11 48 7 80 34 55 14 4 58 15 36 28 50 96 21 54 23 57 31 41 85 66 24
12 48 7 80 34 55 14 4 58 15 36 96 50 21 54 23 57 31 85 41 28 66 24
13 48 7 34 80 55 14 4 58 15 36 96 50 21 54 23 57 31 85 41 28 66 24
14 48 7 34 80 55 14 4 58 15 36 96 50 21 54 23 57 31 85 41 28 66 24
15 48 7 34 80 55 14 4 58 15 36 96 50 21 54 23 57 31 85 41 28 66 24
16 48 7 34 80 55 14 4 58 15 36 96 50 21 54 23 57 31 85 28 41 66 24
17 48 7 34 80 55 4 14 58 15 36 96 50 21 54 23 57 31 28 85 41 66 24
18 48 7 80 34 55 14 58 4 15 36 96 50 21 54 23 57 31 28 41 66 24
19 48 7 80 34 55 14 4 15 36 96 50 21 54 23 57 31 28 41 66 24
20 48 7 80 34 55 14 4 15 36 96 50 21 54 23 57 31 28 41 66 24
21 48 7 80 34 55 4 14 15 36 50 21 54 23 57 31 28 41 66
22 48 7 34 80 55 4 14 15 36 50 21 54 23 57 31 28 41 66
23 48 7 34 55 80 4 15 36 50 21 54 23 57 31 28 41 66
24 48 7 55 34 80 4 15 36 50 21 54 23 57 31 28 41 66
25 48 7 55 34 80 4 15 36 50 21 54 23 57 31 28 41 66
26 48 7 34 55 80 4 15 36 50 21 54 23 57 31 28
L
a
p
s
Lapped riderWinner
Jerez de la Frontera, Sunday, March 26, 2006
These data/results cannot be reproduced, stored and/or transmitted in whole or in part by any manner of electronic, mechanical, photocopying, recording, broadcasting or otherwise now known or
herein after developed without the previous express consent by the copyright owner, except for reproduction in daily press and regular printed publications on sale to the public within 60 days of the event
related to those data/results and always provided that copyright symbol appears together as follows below.
© DORNA, 2006
Official information of MotoGP
www.motogp.com
