ALICE GRAND PRIX DE FRANCE
Computerised results and timing service provided by TISSOT
4180 m.
Le Mans
250cc
Race
Lap Chart 22
Pos
Grid 34
1
7
2
80
3
55
4
73
5
96
6
4
7
48
8
15
9
19
10
58
11
50
12
14
13
8
14
54
15
25
16
23
17
36
18
57
19
28
20
16
21
21
22
31
23
45
24
24
25
22
26
85
27
47
28
1 34 55 15 4 73 7 48 58 96 19 80 8 36 23 21 50 14 25 22 85 28 31 54 24
2 34 55 15 4 73 7 48 58 80 96 19 8 23 36 50 21 14 22 28 54 85 31 24 25
3 34 55 15 48 4 7 58 73 80 96 19 8 50 36 23 21 14 22 28 54 31 24 85 25
4 34 55 15 48 7 4 58 80 73 96 19 50 8 36 23 21 14 28 54 22 31 24 85 25
5 34 55 15 48 7 4 80 58 73 96 50 19 8 36 23 14 21 28 54 22 31 24 85 25
6 34 55 15 48 7 80 4 73 58 96 50 19 8 36 23 14 21 28 54 22 31 24 85 25
7 34 55 7 80 4 15 73 58 96 50 19 8 36 23 14 21 28 54 22 31 24 85 25
8 34 55 7 80 4 15 73 58 96 50 19 36 8 23 14 21 28 54 22 31 24 85 25
9 55 34 7 4 80 73 15 58 96 50 19 36 8 14 23 21 54 28 22 31 24 25 85
10 55 34 7 4 73 80 15 58 96 50 19 36 14 8 23 21 54 28 22 31 24 25 85
11 55 34 7 4 73 80 15 58 96 50 14 36 8 19 23 21 54 28 22 31 24 25 85
12 55 34 7 4 73 80 15 58 50 96 14 8 36 19 23 21 54 28 22 31 24 25 85
13 55 34 7 4 73 80 15 58 50 96 14 8 36 19 23 21 54 28 22 31 24 25 85
14 55 34 7 4 73 80 15 58 50 96 14 8 36 19 23 21 54 28 22 31 24 25 85
15 55 34 7 4 73 80 15 58 50 96 14 8 36 19 23 21 54 28 22 31 25 24 85
16 55 34 7 4 73 80 15 58 50 96 14 8 36 19 23 21 54 28 22 31 25 24 85
17 55 34 7 4 73 80 15 58 50 96 14 8 36 19 23 21 54 28 22 31 25 24 85
18 34 55 73 4 7 80 15 58 50 96 14 8 36 19 23 21 54 28 22 31 25 24 85
19 34 55 73 4 7 80 15 58 50 96 14 8 36 19 23 21 54 28 31 22 25 24 85
20 34 55 73 4 7 15 80 58 50 96 14 8 36 19 23 21 54 28 31 22 25 24 85
21 34 55 73 4 7 15 80 58 50 96 14 8 36 19 23 21 54 28 31 22 25 24 85
22 34 55 73 4 7 15 80 58 50 96 14 8 36 19 23 21 54 28 31 22 25 24 85
23 34 55 73 4 7 15 80 58 50 96 14 8 36 19 23 21 54 28 31 25 22 24 85
24 34 55 73 4 7 15 58 80 50 96 14 8 36 19 21 23 54 28 31 25 22 24 85
25 34 55 73 4 7 15 80 58 50 96 14 8 36 19 21 23 54 28 25 31 22 24 85
26 55 34 73 4 7 15 80 58 50 96 14 8 36 19 21 23 54 28 25 31 22 24
L
a
p
s
Lapped riderWinner
Le Mans, Sunday, May 21, 2006
These data/results cannot be reproduced, stored and/or transmitted in whole or in part by any manner of electronic, mechanical, photocopying, recording, broadcasting or otherwise now known or
herein after developed without the previous express consent by the copyright owner, except for reproduction in daily press and regular printed publications on sale to the public within 60 days of the event
related to those data/results and always provided that copyright symbol appears together as follows below.
© DORNA, 2006
Official MotoGP Timing by TISSOT
www.motogp.com
