Lap Chart
GP MARLBORO DE PORTUGAL
Computerised results and timing service
4182m
Estoril
125cc
22
Race
Pos
Grid 26
1
1
2
41
3
17
4
36
5
16
6
6
7
4
8
21
9
15
10
8
11
25
12
33
13
80
14
23
15
9
16
50
17
34
18
84
19
5
20
22
21
12
22
31
23
11
24
48
25
19
26
52
27
7
28
77
29
57
30
20
31
37
32
42
33
78
34
79
35
1 8 21 4 15 16 17 80 25 26 23 36 84 6 48 7 50 1 9 34 5 41 12 31 33 19 52 22 11 20 57 42 77 37
2 21 8 17 15 80 16 26 4 23 84 36 41 7 6 1 48 9 34 12 50 5 33 19 31 22 57 20 11 52 42 77 37
3 21 8 17 16 80 4 26 23 41 1 36 7 48 34 84 6 9 12 33 5 19 31 50 22 57 20 52 42 77 15 11 37
4 21 17 8 16 80 23 1 7 26 36 34 48 84 6 12 9 33 19 31 5 50 22 20 57 4 52 15 77 42 37 11
5 21 17 8 16 80 1 7 23 36 34 26 48 9 33 19 5 22 50 4 20 84 57 52 77 42 31 37 12
6 21 17 16 8 80 1 7 23 34 26 36 48 9 33 19 22 5 50 4 84 20 57 77 52 31 42 37 12
7 21 17 16 80 1 7 23 34 26 9 36 33 19 22 5 4 84 20 57 77 31 42 52 37
8 21 17 16 80 1 34 26 33 9 36 19 23 22 5 4 84 20 57 77 31 42 37 52
9 21 17 16 80 1 34 33 26 36 9 23 22 5 4 84 20 57 77 31 42 37 52
10 21 17 16 1 34 33 26 36 9 22 23 4 5 84 20 57 77 31 42 37 52
11 21 17 16 1 33 34 26 36 9 22 23 4 5 84 20 57 77 31 42 37 52
12 21 17 16 1 33 34 26 36 9 22 4 23 5 84 20 57 77 31 42 52 37
13 21 17 16 1 33 34 36 9 26 4 22 23 5 84 20 57 77 31 42 37 52
14 21 17 16 1 33 34 36 9 26 4 22 23 5 84 77 57 31 42 37 52
15 21 17 16 1 33 34 36 9 26 22 23 5 4 84 77 57 31 42 37 52
16 21 17 16 1 33 34 36 9 26 22 23 5 4 84 77 57 42 37 52
17 21 17 16 1 33 34 9 36 22 23 5 4 26 77 57 42 37 52
18 21 17 16 1 33 34 22 23 5 4 36 26 77 57 9 42 52 37
19 21 17 16 1 34 22 23 5 4 36 26 77 57 33 42 37 52
20 21 17 16 1 34 22 23 5 4 36 26 77 57 42 33 37 52
21 21 17 16 34 22 23 5 4 36 26 77 57 42 37 52
22 21 17 16 34 22 5 23 4 36 77 26 57 42 37 52
23 21 16 17 22 5 4 23 36 77 26 57 42 37 52
24 21 16 17 22 5 4 23 36 77 26 57
L
a
p
s
Lapped riderWinner
Estoril, Sunday, September 08, 2002
These data/results can not be reproduced, stored and/or transmitted in whole or in part by any manner of electronic, mechanical, photocopying, recording, broadcasting or otherwise now known or herein
after developed without the previous express consent by the copyright owner, except for reproduction in daily press and regular printed publications on sale to the public within 60 days of the event related to
those data/results and always provided that copyright symbol appears together as follows below.
© DORNA, 2002
Official information of MotoGP
www.motograndprix.com
