GRAN PREMI APEROL DE CATALUNYA
Computerised results and timing service provided by
4727 m.
Circuit de Catalunya
Moto2
Race
Lap Chart 19
TISSOT
Pos
Grid 29
1
72
2
12
3
24
4
16
5
31
6
48
7
14
8
9
9
44
10
60
11
17
12
3
13
45
14
55
15
77
16
10
17
40
18
41
19
6
20
63
21
35
22
68
23
52
24
18
25
25
26
4
27
7
28
8
29
15
30
61
31
2
32
59
33
19
34
76
35
11
36
71
37
5
38
53
39
1 12 24 72 29 60 31 3 68 2 41 61 17 52 15 19 8 4 7 76 11 59 35 10 5 45 14 21 9 18 71 95 53 16 25 40 48 77 55
2 12 29 24 60 72 31 3 2 68 17 41 52 61 15 19 8 4 7 35 76 45 10 11 59 14 9 5 18 71 53 95 16 25 40 48
3 29 12 60 24 72 31 3 68 17 2 41 61 15 8 19 35 7 4 45 10 14 59 76 9 11 18 5 71 53 95 16 40 25 52 48
4 29 12 60 72 24 3 31 68 17 2 41 61 15 8 35 19 7 14 10 45 9 4 11 76 18 5 53 71 95 16 40 25 48
5 29 60 12 72 24 3 31 17 68 2 41 15 61 8 14 45 9 35 10 4 11 76 18 5 71 53 95 16 19 25 40
6 29 60 72 12 3 24 31 17 68 2 41 15 8 14 61 9 35 45 10 4 18 11 76 5 71 53 95 16 19 25 40
7 29 72 60 12 3 24 31 17 68 2 15 41 8 14 61 9 35 10 45 18 4 11 76 5 71 53 16 95 19 25 40
8 29 72 60 12 3 17 31 24 2 68 15 8 14 41 61 9 35 10 45 18 11 76 4 5 53 71 16 19 95 25 40
9 29 72 60 12 17 3 24 31 68 2 8 14 15 41 9 61 35 10 45 11 18 76 4 5 53 71 16 19 95 25 40
10 29 72 60 12 17 3 24 31 68 2 8 15 41 9 10 35 61 11 18 45 76 5 4 53 71 16 19 95 25 40
11 29 72 12 60 17 3 24 31 68 8 2 15 41 9 10 35 61 11 18 45 76 5 4 53 71 16 19 95 25 40
12 29 72 12 60 17 3 24 31 8 68 15 2 41 9 10 35 61 11 18 5 76 4 53 71 16 19 95 45 25 40
13 29 72 12 60 17 3 24 31 68 8 15 2 9 41 10 35 61 11 18 5 76 16 4 53 71 19 95 40 25
14 29 72 12 60 3 24 17 31 8 68 2 15 9 41 10 35 61 11 18 16 5 76 4 71 53 19 95 40 25
15 29 72 12 60 3 17 24 31 8 68 9 15 2 41 10 35 11 61 18 16 5 76 71 4 53 19 95 40 25
16 72 12 60 29 17 3 24 31 8 68 9 15 2 10 41 35 11 61 16 18 5 71 76 4 53 19 95 40 25
17 72 12 60 17 24 3 31 8 9 68 15 2 10 41 35 11 29 61 16 18 5 71 53 76 4 19 40 25 95
18 72 12 60 24 3 17 31 9 68 8 15 2 10 35 41 29 11 16 61 18 71 5 53 4 76 19 40 25 95
19 72 60 12 24 3 17 31 9 8 68 15 10 2 35 41 29 11 16 61 18 71 5 53 4 76 19 40 95 25
20 72 60 12 17 24 3 31 9 10 68 8 15 2 35 29 41 11 16 61 18 5 53 71 4 19 76 40 95
21 72 60 12 17 24 3 31 9 10 8 15 2 68 29 35 41 11 16 61 18 53 5 71 4 19 40 95
22 72 12 60 17 24 3 31 9 10 8 15 2 68 29 35 11 41 16 61 18 5 53 71 4 19 40 95
23 72 12 60 17 24 3 9 10 8 15 2 68 29 16 11 35 41 61 18 53 5 71 4 19 40 95
L
a
p
s
Lapped riderWinner
Barcelona, Sunday, July 04, 2010
These data/results cannot be reproduced, stored and/or transmitted in whole or in part by any manner of electronic, mechanical, photocopying, recording, broadcasting or otherwise now
known or herein after developed without the previous express consent by the copyright owner, except for reproduction in daily press and regular printed publications on sale to the public
within 60 days of the event related to those data/results and always provided that copyright symbol appears together as follows below.
© DORNA, 2010
Official MotoGP Timing by
www.motogp.com
TISSOT
